2 8.7e-05 48
5 4.9999999999999996e-06 300
10 8.9e-06 1200
12 1.6000000000000118e-06 1728
16 9.100000000000004e-06 3072
20 1.1799999999999989e-05 4800
30 9.099999999999977e-06 10800
40 8.999999999999975e-06 19200
45 0.0041495 24300
50 2.009999999999946e-05 30000
55 8.000000000000194e-06 36300
60 1.0299999999999546e-05 43200
80 1.350000000000049e-05 76800
100 1.8300000000000607e-05 120000
130 0.00020189999999999965 202800
160 0.00026789999999999974 307200
200 0.0002890999999999996 480000
250 0.0004374000000000001 750000
350 0.0005185999999999993 1470000
500 0.0012236 3000000
600 0.0023680999999999997 4320000
800 0.006283799999999999 7680000
1000 0.008241599999999998 12000000
2000 0.08604019999999998 48000000
5000 1.1927634 300000000
10000 9.503786100000001 1200000000

2 0.04843759999999975 48
5 1.6199999999244596e-05 300
10 3.200000000092018e-06 1200
12 1.8000000014950501e-06 1728
16 2.799999998970293e-06 3072
20 3.900000001166859e-06 4800
30 4.699999999857596e-06 10800
40 6.499999999576289e-06 19200
45 1.6099999999852344e-05 24300
50 7.899999999949614e-06 30000
55 8.19999999990273e-06 36300
60 1.0400000000743148e-05 43200
80 1.1599999998779253e-05 76800
100 4.429999999899792e-05 120000
130 5.439999999978795e-05 202800
160 6.95000000003887e-05 307200
200 0.0001326999999999856 480000
250 0.00022120000000036555 750000
350 0.0005293999999995691 1470000
500 0.0014729999999989474 3000000
600 0.0028492999999993884 4320000
800 0.007528999999999897 7680000
1000 0.012052399999999963 12000000
2000 0.09336970000000022 48000000
5000 1.3303876 300000000
10000 9.9048703 1200000000

2 0.04333270000000056 48
5 1.5799999999899228e-05 300
10 4.100000001727722e-06 1200
12 1.7999999997186933e-06 1728
16 4.000000000559112e-06 3072
20 5.000000001587068e-06 4800
30 5.600000001493299e-06 10800
40 7.000000000090267e-06 19200
45 1.990000000162695e-05 24300
50 8.499999999855845e-06 30000
55 9.099999999762076e-06 36300
60 1.0599999999527654e-05 43200
80 1.419999999896504e-05 76800
100 4.5300000000025875e-05 120000
130 5.800000000277805e-05 202800
160 7.950000000178647e-05 307200
200 0.0001581000000001609 480000
250 0.0002538000000029683 750000
350 0.0006693000000019822 1470000
500 0.0018435999999972807 3000000
600 0.002973100000001949 4320000
800 0.005325299999999089 7680000
1000 0.011563599999998786 12000000
2000 0.0946587000000001 48000000
5000 1.2772068999999995 300000000
10000 9.762456 1200000000

2 0.04099439999999532 48
5 1.6100000003405057e-05 300
10 3.200000001868375e-06 1200
12 1.7999999997186933e-06 1728
16 2.600000001962144e-06 3072
20 3.5999999994373866e-06 4800
30 4.700000005186666e-06 10800
40 6.100000000230921e-06 19200
45 1.4499999998918156e-05 24300
50 9.800000000836917e-06 30000
55 9.600000005605125e-06 36300
60 1.059999999597494e-05 43200
80 1.2200000000461841e-05 76800
100 2.190000000013015e-05 120000
130 5.730000000170321e-05 202800
160 7.970000000057098e-05 307200
200 0.00015650000000277942 480000
250 0.0002572000000000685 750000
350 0.0006818999999964603 1470000
500 0.0022766999999959125 3000000
600 0.003667000000000087 4320000
800 0.007466000000000861 7680000
1000 0.014285299999997392 12000000
2000 0.09924469999999985 48000000
5000 1.403745900000004 300000000
10000 9.991078799999997 1200000000

2 0.0364728999999997 48
5 1.5900000001067838e-05 300
10 2.9999999995311555e-06 1200
12 1.900000000887303e-06 1728
16 2.600000001962144e-06 3072
20 3.5999999994373866e-06 4800
30 4.400000001680837e-06 10800
40 6.2000000013995304e-06 19200
45 1.659999999503725e-05 24300
50 9.800000000836917e-06 30000
55 9.100000006867504e-06 36300
60 1.0700000004248977e-05 43200
80 1.4499999998918156e-05 76800
100 2.6800000000548607e-05 120000
130 5.8399999993241636e-05 202800
160 7.970000000057098e-05 307200
200 0.0001541000000031545 480000
250 0.00027189999999421843 750000
350 0.0006953999999979033 1470000
500 0.00225839999999522 3000000
600 0.003165799999997887 4320000
800 0.007441000000000031 7680000
1000 0.012636999999998011 12000000
2000 0.09746979999999894 48000000
5000 1.3676844000000017 300000000
10000 9.724455599999999 1200000000

2 0.05322749999999843 48
5 2.099999999671809e-05 300
10 4.699999998081239e-06 1200
12 3.3000000030369847e-06 1728
16 4.599999996912629e-06 3072
20 6.30000000256814e-06 4800
30 7.599999996443785e-06 10800
40 1.1100000001817989e-05 19200
45 2.2400000005973197e-05 24300
50 9.999999996068709e-06 30000
55 1.0099999997237319e-05 36300
60 1.3500000001442913e-05 43200
80 1.5099999998824387e-05 76800
100 2.819999999559286e-05 120000
130 6.799999999884676e-05 202800
160 9.239999999977044e-05 307200
200 0.00017679999999842266 480000
250 0.00030239999999537304 750000
350 0.0007462000000018065 1470000
500 0.0019510999999994283 3000000
600 0.0037268000000025836 4320000
800 0.007439900000001387 7680000
1000 0.01407999999999987 12000000
2000 0.07854939999999999 48000000
5000 1.3479169999999954 300000000
10000 9.8040375 1200000000

2 0.03780460000000119 48
5 1.5799999999899228e-05 300
10 3.1000000006997652e-06 1200
12 1.8000000068241206e-06 1728
16 2.7999999900885086e-06 3072
20 3.699999993500569e-06 4800
30 4.899999993313031e-06 10800
40 7.50000000948603e-06 19200
45 1.8599999989987737e-05 24300
50 1.0099999997237319e-05 30000
55 8.899999997424857e-06 36300
60 1.1100000008923416e-05 43200
80 1.409999998713829e-05 76800
100 3.0100000003585592e-05 120000
130 6.129999999870961e-05 202800
160 9.000000000014552e-05 307200
200 0.00013529999999661868 480000
250 0.00030569999999841 750000
350 0.0007391999999981635 1470000
500 0.0020114000000006627 3000000
600 0.003605799999988335 4320000
800 0.00743589999999017 7680000
1000 0.013591500000003975 12000000
2000 0.0964185999999927 48000000
5000 1.3514505999999926 300000000
10000 10.229499999999987 1200000000

2 0.05248429999998905 48
5 2.1900000007235576e-05 300
10 5.999999999062311e-06 1200
12 4.599999996912629e-06 1728
16 5.899999990788274e-06 3072
20 9.000000005698894e-06 4800
30 9.700000006773735e-06 10800
40 1.2499999996862243e-05 19200
45 1.9600000001673834e-05 24300
50 1.3199999997937084e-05 30000
55 1.1999999998124622e-05 36300
60 1.3400000000274304e-05 43200
80 1.8400000001861372e-05 76800
100 3.669999999544871e-05 120000
130 8.040000000164582e-05 202800
160 8.610000000430773e-05 307200
200 0.0001239999999995689 480000
250 0.0003183000000035463 750000
350 0.0007390000000100372 1470000
500 0.001967199999995728 3000000
600 0.003513799999993239 4320000
800 0.007457500000001005 7680000
1000 0.013160700000000247 12000000
2000 0.09961130000000651 48000000
5000 1.3627326999999951 300000000
10000 9.879657099999989 1200000000

2 0.03422220000000209 48
5 1.810000000546097e-05 300
10 5.099999995650251e-06 1200
12 2.8999999983625457e-06 1728
16 3.800000001774606e-06 3072
20 6.2000000013995304e-06 4800
30 6.499999997799932e-06 10800
40 9.000000005698894e-06 19200
45 1.8400000001861372e-05 24300
50 1.059999999597494e-05 30000
55 9.599999998499698e-06 36300
60 1.1999999998124622e-05 43200
80 1.6400000006910886e-05 76800
100 3.329999999834854e-05 120000
130 5.4800000000909677e-05 202800
160 7.970000000057098e-05 307200
200 0.00014009999999586853 480000
250 0.00033279999999535903 750000
350 0.0006929999999982783 1470000
500 0.0018684000000064316 3000000
600 0.003418499999995106 4320000
800 0.0070666999999957625 7680000
1000 0.013613800000001675 12000000
2000 0.08281980000000999 48000000
5000 1.3210239000000001 300000000
10000 9.700873900000005 1200000000

2 0.05024070000000336 48
5 2.1099999997886698e-05 300
10 5.099999995650251e-06 1200
12 2.600000001962144e-06 1728
16 4.600000011123484e-06 3072
20 7.400000001211993e-06 4800
30 8.399999998687235e-06 10800
40 1.0699999990038123e-05 19200
45 1.9100000002936213e-05 24300
50 1.4499999991812729e-05 30000
55 1.0000000003174137e-05 36300
60 1.260000000513628e-05 43200
80 1.9800000004011054e-05 76800
100 3.490000000283544e-05 120000
130 6.129999999870961e-05 202800
160 9.22999999914964e-05 307200
200 0.00014050000000054297 480000
250 0.00031680000000733344 750000
350 0.00072469999999214 1470000
500 0.0019671000000016647 3000000
600 0.0036540999999914447 4320000
800 0.007541200000005688 7680000
1000 0.0133531999999974 12000000
2000 0.09507430000000738 48000000
5000 1.3379738999999944 300000000
10000 9.802599400000005 1200000000

