2 0.0016951000002336514 0.00016340000001946464
5 0.0019669999996949628 0.0001609999999345746
10 0.001432200000181183 0.00016559999994569807
12 0.0014342999998007144 0.00016360000017812126
16 0.0013555999998970947 0.00016150000010384247
20 0.0013460000000122818 0.00016290000030494411
30 0.0014108000000305765 0.0001635999997233739
40 0.0014120000000730215 0.00016869999990376527
45 0.001354800000171963 0.000167199999850709
50 0.0013576999999713735 0.00016969999978755368
55 0.001361099999940052 0.00017079999997804407
60 0.0013684999998986314 0.00022949999993215897
80 0.0013665999999830092 0.00017149999985122122
100 0.0014087999998082523 0.00018769999996948172
130 0.0014150999995763414 0.00017309999975623214
160 0.0014227000001483248 0.00018369999997958075
200 0.0014195999997355102 0.00018900000031862874
250 0.0018024000000878004 0.0002413000001979526
350 0.0014830000000074506 0.00024910000001909793
500 0.0015309999998862622 0.00021149999975023093
600 0.0015552999998362793 0.00020310000036261044
800 0.0015585000001010485 0.00027559999989534845
1000 0.0019200000001546869 0.0002233999998679792
2000 0.0017808000002332847 0.0003034999999727006
5000 0.002498999999716034 0.0005289999999149586
10000 0.003294999999980064 0.0008711000000403146
20000 0.005658600000060687 0.0012664000000768283
30000 0.006180800000038289 0.002151400000002468
40000 0.009655000000293512 0.0027368000000933534
50000 0.017196099999637227 0.004758900000069843
100000 0.02616459999990184 0.010803500000292843
250000 0.07129479999957766 0.024599599999874044
500000 0.13809149999997317 0.04884200000014971
1000000 0.27621919999955935 0.09464339999976801
2500000 0.6433812999998736 0.24008370000001378
5000000 1.543033099999775 0.45921320000024934
10000000 2.5793768999997155 0.8149799999996503
25000000 6.040848900000128 2.238676000000396

2 0.0018223000001853507 0.00014689999989059288
5 0.0017229000000043015 0.00012389999983497546
10 0.001712299999780953 0.00012909999986732146
12 0.001718699999855744 0.0001250999998774205
16 0.0017204999999194115 0.00012560000004668836
20 0.0021004999998694984 0.00012449999985619797
30 0.0027717999996639264 0.00015070000017658458
40 0.0016397999997934676 0.00013110000008964562
45 0.0017284000000472588 0.00013419999959296547
50 0.001726000000417116 0.000156799999786017
55 0.0017161999999188993 0.00032150000015462865
60 0.0017397999999957392 0.00013910000006944756
80 0.0017308000001321489 0.0001353000002382032
100 0.002483100000063132 0.0001498000001447508
130 0.002204100000199105 0.0001494999996793922
160 0.001475999999911437 0.00016219999997701962
200 0.0012351000000307977 0.00016260000029433286
250 0.0012332000001151755 0.00014869999995426042
350 0.0012277000000722182 0.00014370000008057104
500 0.001624200000151177 0.00016490000007252092
600 0.0013552999998864834 0.00015260000009220676
800 0.0013863000003766501 0.00016019999975469545
1000 0.0020193999998809886 0.00022790000002714805
2000 0.0020837000001847628 0.00023909999981697183
5000 0.0022018999998181243 0.00032229999987976043
10000 0.0026722000002337154 0.0006963000000723696
20000 0.0045497000000978005 0.0011738000002878834
30000 0.006961799999771756 0.0015076999998200336
40000 0.007374400000117021 0.002481500000158121
50000 0.011455200000000332 0.003933200000119541
100000 0.024920899999870016 0.007960100000218517
250000 0.06777959999999439 0.02067780000015773
500000 0.1311479999999392 0.05068059999985053
1000000 0.2684976000000461 0.09785990000000311
2500000 0.6538393000000724 0.24435129999983474
5000000 1.468927700000222 0.4319871999996394
10000000 2.704614799999945 0.832992799999829
25000000 6.693473399999675 2.2145182999997814

2 0.0012973999996575003 0.00019010000005437178
5 0.0010837999998329906 0.00018769999996948172
10 0.0011064999998779967 0.00018980000004376052
12 0.0011429000001044187 0.0001608999996278726
16 0.0010742999998001324 0.00017079999997804407
20 0.001072900000053778 0.0001627000001462875
30 0.0010738000000856118 0.00016340000001946464
40 0.0011740999998437474 0.00016749999986132025
45 0.0013421000003290828 0.00016659999982948648
50 0.00211280000030456 0.00016830000004119938
55 0.0012269999997442937 0.000172399999883055
60 0.0011858000002575864 0.00017519999983051093
80 0.0011009999998350395 0.0001712000002953573
100 0.0011028000003534544 0.00019060000022363965
130 0.0011304999998174026 0.00018469999986336916
160 0.0011233999998694344 0.00018520000003263704
200 0.001172999999653257 0.00019040000006498303
250 0.0012718999996650382 0.00019310000016048434
350 0.0012108999999327352 0.00018490000002202578
500 0.0012257999997018487 0.00021150000020497828
600 0.002446100000270235 0.00019590000010794029
800 0.0013318000001163455 0.00023949999967953772
1000 0.001503200000115612 0.00022059999992052326
2000 0.0016849999997248233 0.0003040999999939231
5000 0.0020001000002594083 0.0005126000000927888
10000 0.0027760000002672314 0.0006640999999945052
20000 0.006058599999960279 0.0012139999998908024
30000 0.005085300000246207 0.0020341999997981475
40000 0.01053139999976338 0.003361600000062026
50000 0.009431099999801518 0.004608700000062527
100000 0.021688199999971403 0.009039399999892339
250000 0.06681710000020757 0.023677799999859417
500000 0.14767210000036357 0.04972429999997985
1000000 0.30875949999972363 0.09752830000024915
2500000 0.6313036999999895 0.23715189999984432
5000000 1.319500799999787 0.39711720000013884
10000000 2.492786800000431 0.8222367000003032
25000000 6.5659708000002865 2.372036300000218

2 0.0016361999996661325 0.00018980000004376052
5 0.0011099999996986298 0.0001826000002438377
10 0.0010757999998531886 0.00018369999997958075
12 0.0010800000000017462 0.00018460000001141452
16 0.0010865999997804465 0.00018569999974715756
20 0.0011742000001504493 0.00020190000032016542
30 0.0011398000001463515 0.0001971000001503853
40 0.0011146000001645007 0.00016529999993508682
45 0.0011199000000488013 0.00016550000009374344
50 0.0011900999998033512 0.00016659999982948648
55 0.0018827999997483857 0.0001710000001367007
60 0.001368599999750586 0.00017280000020036823
80 0.0012823000001844775 0.00017449999995733378
100 0.0011867000002894201 0.00019000000020241714
130 0.0011646999996628438 0.00017179999986183248
160 0.0011176000002706132 0.0001830000001064036
200 0.0011313999998492363 0.00019249999968451448
250 0.0011986999998043757 0.00019010000005437178
350 0.001199100000121689 0.0001855000000432483
500 0.0012161999998170359 0.0002113999998982763
600 0.0015951000000313797 0.00019810000003417372
800 0.0029261999998198007 0.0002276000000165368
1000 0.00261000000000422 0.00022570000010091462
2000 0.0014876999998705287 0.00030650000007881317
5000 0.0022684999999000866 0.0005318000003171619
10000 0.0026410000000396394 0.0008746999997129024
20000 0.00612379999984114 0.00120550000019648
30000 0.00510149999990972 0.001942999999755557
40000 0.010570399999778601 0.002859900000203197
50000 0.013418199999705394 0.006094500000017433
100000 0.023666600000069593 0.009919099999933678
250000 0.06655490000002828 0.025749200000063865
500000 0.13045740000006845 0.04937079999990601
1000000 0.2647533999997904 0.09413659999972879
2500000 0.6731554999996661 0.2576626000000033
5000000 1.3543101999998726 0.43043980000038573
10000000 2.423974299999827 0.8183156999998573
25000000 6.259903100000429 2.1165038999997705

2 0.0014624000000367232 0.00019909999991796212
5 0.0011011999999936961 0.00016340000001946464
10 0.0011448999998719955 0.00016079999977591797
12 0.0012709000002359971 0.00016249999998763087
16 0.0012747999999191961 0.0001606000000720087
20 0.0010775999999168562 0.00017010000010486692
30 0.0021865999997316976 0.00016360000017812126
40 0.0012196000002404617 0.00017810000008466886
45 0.0019544000001587847 0.00016760000016802223
50 0.001145499999893218 0.00016800000003058813
55 0.0010968000001412292 0.0001718999997137871
60 0.001239000000168744 0.00016660000028423383
80 0.001120800000080635 0.00016749999986132025
100 0.001662399999986519 0.00018829999999070424
130 0.0011488999998618965 0.00018150000005334732
160 0.0011499000002004323 0.00018210000007456983
200 0.0011954999999943539 0.00018779999982143636
250 0.0021421000001282664 0.00019879999990735087
350 0.0013630999997076287 0.0001905999997688923
500 0.001943900000242138 0.00021650000007866765
600 0.0012897999999950116 0.0001990000000660075
800 0.0013124000001880631 0.0003258000001551409
1000 0.0019767999997384322 0.0002264999998260464
2000 0.0015090000001691806 0.0003164999998261919
5000 0.0022104000004219415 0.000517299999955867
10000 0.0040156000000024505 0.0006822999998803425
20000 0.005346999999801483 0.0012224000001879176
30000 0.00537480000002688 0.002242399999886402
40000 0.009044299999914074 0.002684300000055373
50000 0.013897000000270054 0.004623299999821029
100000 0.025607399999898917 0.012154200000168203
250000 0.06745850000015707 0.024142900000242662
500000 0.1330735999999888 0.05357269999967684
1000000 0.2700892000002568 0.09686869999995906
2500000 0.6385089999998854 0.21135689999982787
5000000 1.337579900000037 0.4527789000003395
10000000 2.6654042000000118 0.9953592000001663
25000000 6.481366099999832 2.2849794999997357

2 0.0015640999999959604 0.0001637000000300759
5 0.0013517000002138957 0.00015919999987090705
10 0.0013469000000441156 0.00016039999991335208
12 0.001351899999917805 0.0001617000002624991
16 0.0014900000001034641 0.0001646999999138643
20 0.001967799999874842 0.0001612000000932312
30 0.0014451000001827197 0.0001696000003903464
40 0.0013519999997697596 0.00017019999995682156
45 0.00135309999996025 0.00016709999999875436
50 0.001356700000087585 0.00016870000035851263
55 0.0024493999999322114 0.00016940000023168977
60 0.0015271000002030632 0.00016760000016802223
80 0.0013933000000179163 0.000168500000199856
100 0.0013865000000805594 0.00019810000003417372
130 0.0033108000002357585 0.00017179999986183248
160 0.0014487000003100547 0.00018159999990530196
200 0.0014636000000791682 0.00018779999982143636
250 0.0014495999998871412 0.00019049999991693767
350 0.001543500000025233 0.00018589999990581418
500 0.001495700000305078 0.00021729999980379944
600 0.0015808000002834888 0.00019720000000233995
800 0.0015759999996589613 0.00022779999972044607
1000 0.001885499999843887 0.00021800000013172394
2000 0.0024521999998796673 0.0003002999997079314
5000 0.0025705000002744782 0.0005315000003065506
10000 0.003466099999968719 0.0008775000001151056
20000 0.005717699999877368 0.0012623000002349727
30000 0.006687000000056287 0.0019145000001117296
40000 0.011810199999672477 0.0035127000001011766
50000 0.012788300000011077 0.0047779999999875145
100000 0.029328300000088348 0.008869499999946129
250000 0.07239780000008977 0.02362249999987398
500000 0.14809329999980037 0.0505659000000378
1000000 0.2874258000001646 0.09778390000019499
2500000 0.6838319000003139 0.236830800000007
5000000 1.273973400000159 0.47901260000026014
10000000 2.4018935999997666 0.8989650000003166
25000000 5.683684199999789 2.178142299999763

2 0.0017712000003484718 0.00021989999959259876
5 0.004845700000259967 0.0001984999998967396
10 0.0032034000000749074 0.00016080000023066532
12 0.0023338999999396037 0.00016229999982897425
16 0.0020567000001392444 0.0001609999999345746
20 0.0018087000003106368 0.0001627000001462875
30 0.001792499999737629 0.0001696000003903464
40 0.0031730000000607106 0.0001689000000624219
45 0.004138799999964249 0.00031869999975242536
50 0.0015926999999464897 0.0003223000003345078
55 0.0014638999996350321 0.00022949999993215897
60 0.002375800000208983 0.00016939999977694242
80 0.00191320000021733 0.0001698999999462103
100 0.002100400000017544 0.00018699999964155722
130 0.002086699999836128 0.00017690000004222384
160 0.003468700000212266 0.0001830000001064036
200 0.003066199999921082 0.00019109999993816018
250 0.003187700000125915 0.0001938000000336615
350 0.0028605000002244196 0.00018529999988459167
500 0.0016579000002820976 0.00021130000004632166
600 0.0032959000000118976 0.00019669999983307207
800 0.0021732000000156404 0.0002075999996122846
1000 0.0019563999999263615 0.00021740000011050142
2000 0.002560899999934918 0.0003019999999196443
5000 0.003026999999747204 0.0004380999998829793
10000 0.008811799999875802 0.0008575000001656008
20000 0.007048999999824446 0.0015094000000317465
30000 0.012209499999698892 0.001906199999666569
40000 0.013710299999729614 0.0028260999997655745
50000 0.0485819000000447 0.0057937999999921885
100000 0.03984089999994467 0.010841700000128185
250000 0.0754786000002241 0.025227000000086264
500000 0.14322519999996075 0.05303719999983514
1000000 0.2716105999998035 0.09550930000023072
2500000 0.6740693000001556 0.22649940000019342
5000000 1.3781162000000222 0.48802900000009686
10000000 2.802743300000202 0.8302475000000413
25000000 6.734175399999913 2.3057912999997825

2 0.0017101999997066741 0.00016249999998763087
5 0.0015399999997498526 0.00016239999968092889
10 0.0015319999997700506 0.00016189999996640836
12 0.0015174000000115484 0.00016839999989315402
16 0.001358199999685894 0.00016940000023168977
20 0.0013469000000441156 0.00016999999979816494
30 0.0013549999998758722 0.00016869999990376527
40 0.0013538000002881745 0.000178900000264548
45 0.0013500000000021828 0.00019530000008671777
50 0.0013626999998450628 0.00016910000022107852
55 0.0013588000001618639 0.00017149999985122122
60 0.0013626999998450628 0.00016980000009425567
80 0.0013742999999521999 0.0004804999998668791
100 0.0016688000000613101 0.0003619999997681589
130 0.0014279000001806708 0.00024239999993369565
160 0.0014051999996809172 0.00023529999998572748
200 0.0014216000004125817 0.0001947999999174499
250 0.0014356000001498614 0.00023499999997511622
350 0.0014868000002934423 0.0003957999997510342
500 0.0015429000000040105 0.0004094000000804954
600 0.0015524000000368687 0.0003768000001400651
800 0.0015653000000384054 0.00023400000009132782
1000 0.0018310999998902844 0.00022050000006856862
2000 0.0017858999999589287 0.000330399999711517
5000 0.0025392000002284476 0.0008019000001695531
10000 0.0034674999997150735 0.0008845000002111192
20000 0.005293400000027759 0.0016244000003098336
30000 0.0065908999999919615 0.003050400000120135
40000 0.009358799999972689 0.006244100000003527
50000 0.011974300000019866 0.009434000000055676
100000 0.02535519999992175 0.012805200000002515
250000 0.06970929999988584 0.030312599999888334
500000 0.13160999999990963 0.054556699999920966
1000000 0.27137039999979606 0.09653920000027938
2500000 0.6292182000001958 0.26128120000021227
5000000 1.2155758999997488 0.5038261999998213
10000000 2.2448856000000887 0.853277899999739
25000000 6.2869761000001745 2.286334799999622

2 0.0017135999996753526 0.0001625999998395855
5 0.0015394000001833774 0.00016019999975469545
10 0.0013844000000062806 0.00016030000006139744
12 0.0013678000000254542 0.00016289999985019676
16 0.0013785000001007575 0.00016109999978652922
20 0.0015287999999600288 0.00016659999982948648
30 0.0013831999999638356 0.00016360000017812126
40 0.001373799999782932 0.00017400000024281326
45 0.0013670000003003224 0.00016809999988254276
50 0.0013810000000376021 0.00016899999991437653
55 0.0013779999999314896 0.00017149999985122122
60 0.0013874000001123932 0.0001664000001255772
80 0.0013858999996045895 0.00017139999999926658
100 0.001394700000219018 0.00018890000001192675
130 0.0014323000000331376 0.00019389999988561613
160 0.001633400000173424 0.00018199999976786785
200 0.0014476000001195644 0.00018819999968400225
250 0.0014654999999947904 0.00018970000019180588
350 0.0015054000000418455 0.00018430000000080327
500 0.0015084999999999127 0.00021839999999428983
600 0.0015623999997842475 0.00020150000000285218
800 0.0016650000002300658 0.00020500000027823262
1000 0.001706000000012864 0.00021850000030099181
2000 0.0018823999998858199 0.0003012999995917198
5000 0.002540599999974802 0.0004171999999016407
10000 0.0033109999999396678 0.0008388000001104956
20000 0.005448599999908765 0.001510000000052969
30000 0.006567000000359258 0.0024306000000251515
40000 0.010920900000201073 0.0032230000001618464
50000 0.013012099999741622 0.004217700000026525
100000 0.022222799999781273 0.011121099999854778
250000 0.05931170000030761 0.02300229999991643
500000 0.11575709999988248 0.04714590000003227
1000000 0.2446482999998807 0.08277240000006714
2500000 0.5597889999999097 0.21678239999982907
5000000 1.268884000000071 0.4339608000000226
10000000 2.4984105000003183 1.067330800000036
25000000 6.010718300000008 2.3468034000002262

2 0.0012612000000444823 0.0001277999999729218
5 0.0010855999998966581 0.00012190000006739865
10 0.001082100000076025 0.00012670000023717876
12 0.0011619000001701352 0.00012620000006791088
16 0.001125300000239804 0.0001225999999405758
20 0.0011380999999346386 0.0001268000000891334
30 0.0011178999998264771 0.00012719999995169928
40 0.0011227999998482119 0.00012980000019524596
45 0.0011884999998983403 0.00013549999994211248
50 0.0010921000002781511 0.00013110000008964562
55 0.001169099999970058 0.00013099999978294363
60 0.0011331999999129039 0.00013179999996282277
80 0.0012406999999257096 0.0001326000001427019
100 0.0011040999997931067 0.00014789999977438129
130 0.001136400000177673 0.00013330000001587905
160 0.0011193000000275788 0.00014069999997445848
200 0.0011343000001033943 0.00014939999982743757
250 0.0011688999998114014 0.00015220000022964086
350 0.0011912999998457963 0.00014380000038727303
500 0.0012384000001475215 0.0001876000001175271
600 0.0013790000002700253 0.00015590000020893058
800 0.0017809000000852393 0.00017630000002100132
1000 0.0012701999999080726 0.00017019999995682156
2000 0.0014489999998659187 0.00023979999969014898
5000 0.001974199999949633 0.0004135999997743056
10000 0.0030022000000826665 0.0006821000001764332
20000 0.004190800000287709 0.0009811999998419196
30000 0.005137200000262965 0.001602899999852525
40000 0.007180699999935314 0.0026761000003716617
50000 0.009844300000168005 0.004698000000189495
100000 0.020349999999780266 0.008835500000259344
250000 0.06125369999972463 0.0203033000002506
500000 0.13258650000034322 0.040126299999883486
1000000 0.23590620000004492 0.0769043000000238
2500000 0.5564752000000226 0.19451240000034886
5000000 1.1113314999997783 0.39277149999998073
10000000 2.358783399999993 0.943371599999864
25000000 6.030886199999713 2.2602530999997725

