2 8.090000005722686e-05 2.0799999902010313e-05
5 2.779999999802385e-05 5.0999999530176865e-06
10 2.6299999944967567e-05 5.299999884300632e-06
12 3.0199999855540227e-05 3.999999989900971e-06
16 3.169999990859651e-05 2.6000000161729986e-06
20 4.4199999820193625e-05 4.400000079840538e-06
30 4.459999991013319e-05 9.099999942918657e-06
40 8.430000002590532e-05 3.80000001314329e-05
45 0.00010919999999714491 2.779999999802385e-05
50 7.919999984551396e-05 2.4400000029345392e-05
55 0.00010440000005473848 1.640000004954345e-05
60 9.93000001017208e-05 3.040000001419685e-05
80 0.00020710000012513774 3.349999997226405e-05
100 0.0002575999999407941 4.7100000074351556e-05
130 0.00042640000015126134 0.00011059999997087289
160 0.0006246999998893443 0.00016249999998763087
200 0.0010867999999391031 0.0003519000001688255
250 0.0015785000000505534 0.0005462000001443812
350 0.007119100000181788 0.0012527999999747408
500 0.006362600000102248 0.004304300000057992
600 0.013726599999927203 0.007687500000201908
800 0.02302549999990333 0.016420899999957328
1000 0.03729930000008608 0.033207400000037524
2000 0.16795410000008815 0.17910619999997834
5000 1.0782096000000365 2.7319139999999607
10000 4.349556399999983 20.16035820000002

2 7.899999991423101e-05 2.119999999194988e-05
5 2.5900000082401675e-05 5.500000042957254e-06
10 5.000000010113581e-05 5.8999999055231456e-06
12 2.610000001368462e-05 5.399999963628943e-06
16 2.2000000171829015e-05 4.600000011123484e-06
20 3.54000001152599e-05 6.499999926745659e-06
30 3.5600000046542846e-05 1.1699999959091656e-05
40 0.00013060000014775142 6.849999999758438e-05
45 7.460000006176415e-05 1.810000003388268e-05
50 8.660000003146706e-05 1.619999989088683e-05
55 6.989999997131235e-05 1.619999989088683e-05
60 6.330000019261206e-05 1.889999998638814e-05
80 0.00022259999991547375 0.00012169999990874203
100 0.0002885000001242588 5.8399999943503644e-05
130 0.00033749999988685886 0.00011659999995572434
160 0.0006100999999034684 0.00017589999993106176
200 0.0007511000001159118 0.0003346999999394029
250 0.0009587999998075247 0.0006212000000687112
350 0.003890700000056313 0.0013429999999061693
500 0.007943999999952212 0.004328700000087338
600 0.01620279999997365 0.006299599999920247
800 0.024210000000039145 0.012662899999895671
1000 0.033745800000133386 0.030224800000041796
2000 0.15367369999989933 0.22018419999994876
5000 1.0058442000001833 2.8620257999998557
10000 4.087929499999973 20.510872500000005

2 0.00010019999990618089 2.5999999706982635e-05
5 3.930000002583256e-05 7.999999979801942e-06
10 3.720000017892744e-05 9.299999874201603e-06
12 4.379999995762773e-05 9.899999895424116e-06
16 4.37000001056731e-05 7.099999947968172e-06
20 7.589999995616381e-05 7.79999982114532e-06
30 5.490000012287055e-05 1.4400000054592965e-05
40 7.120000009308569e-05 0.00012489999971876387
45 0.00010239999983241432 2.2900000203662785e-05
50 7.979999986673647e-05 2.8200000087963417e-05
55 0.000125699999898643 1.7299999854003545e-05
60 8.629999979348213e-05 1.7099999695346924e-05
80 0.00013600000011138036 3.580000020519947e-05
100 0.00022069999999985157 0.00012479999986680923
130 0.0002438000001347973 0.00014689999989059288
160 0.00036240000008547213 0.00027150000005349284
200 0.0005462000001443812 0.00034750000031635864
250 0.000791899999967427 0.0005917999997109291
350 0.004457099999854108 0.0013816000000588247
500 0.008689000000003944 0.009133900000051653
600 0.01647240000011152 0.008523699999841483
800 0.02469070000006468 0.01747960000011517
1000 0.03757510000014008 0.034159899999849586
2000 0.16467360000001463 0.2072011999998722
5000 1.057616100000132 2.9328522999999223
10000 4.433048099999951 21.699080200000026

2 8.61999999415275e-05 2.370000038354192e-05
5 2.0700000050055678e-05 4.7999997150327545e-06
10 1.929999984895403e-05 5.100000180391362e-06
12 2.1800000013172394e-05 3.900000137946336e-06
16 2.289999997628911e-05 2.7000000955013093e-06
20 3.500000002532033e-05 4.300000000512227e-06
30 3.0200000082913903e-05 9.999999747378752e-06
40 8.139999999912106e-05 8.380000008401112e-05
45 0.00011089999998148414 2.8200000087963417e-05
50 7.57999998768355e-05 2.2400000034394907e-05
55 0.00010399999996479892 1.629999997021514e-05
60 0.00010059999999612046 1.610000026630587e-05
80 0.000207400000135749 3.420000030018855e-05
100 0.0002951999999822874 5.669999973179074e-05
130 0.0005357000000003609 0.00011860000040542218
160 0.00047530000006190676 0.00017450000041208114
200 0.0006911999998919782 0.00032900000041991007
250 0.0011455999999725464 0.0006855999999970663
350 0.0037168000001202017 0.0013386000000537024
500 0.007518900000150097 0.004189899999801128
600 0.017916900000045644 0.0071019000001797394
800 0.02523519999999735 0.016848299999765004
1000 0.037347100000033606 0.03142200000002049
2000 0.1550883000002159 0.19003879999991113
5000 1.0060429000000113 2.7411502999998447
10000 4.149147300000095 19.71951620000027

2 8.380000008401112e-05 2.2400000034394907e-05
5 2.1399999923232826e-05 6.70000008540228e-06
10 1.8700000055105193e-05 7.999999979801942e-06
12 2.480000011928496e-05 5.7999995988211595e-06
16 2.2699999817632488e-05 4.699999863078119e-06
20 3.5299999808557914e-05 7.099999947968172e-06
30 3.119999996670231e-05 1.2999999853491317e-05
40 9.18999999157677e-05 4.179999996267725e-05
45 0.00012599999990925426 1.6899999991437653e-05
50 7.439999990310753e-05 1.8400000044493936e-05
55 0.00011890000018865976 1.6599999980826396e-05
60 0.0001340999999683845 1.9400000383029692e-05
80 0.00020199999994474638 5.959999998594867e-05
100 0.00027000000000043656 0.0001142999999501626
130 0.0003643000000010943 0.0001305000000684231
160 0.00040500000000065484 0.000251399999797286
200 0.0006889999999657448 0.00032869999995455146
250 0.001360399999839501 0.0006471000001511129
350 0.006466200000204481 0.0012812999998459418
500 0.006075599999803671 0.0040038999995886115
600 0.01266370000007555 0.008140099999764061
800 0.024306700000124692 0.020202100000005885
1000 0.03725769999982731 0.033379299999978684
2000 0.15606309999998302 0.18844420000004902
5000 0.9990126000000146 2.660891300000003
10000 4.19158809999999 20.300291399999878

2 0.00010769999994408863 2.0199999653414125e-05
5 4.340000009506184e-05 4.900000021734741e-06
10 5.2800000048591755e-05 5.700000201613875e-06
12 3.089999995609105e-05 3.7999998312443495e-06
16 2.3600000076839933e-05 2.7999999474559445e-06
20 3.7699999893447966e-05 3.8000002859917004e-06
30 6.140000004961621e-05 8.50000014906982e-06
40 8.119999984046444e-05 6.480000001829467e-05
45 8.550000006835035e-05 2.029999996011611e-05
50 9.799999997994746e-05 2.7099999897473026e-05
55 8.380000008401112e-05 2.0500000118772732e-05
60 0.00010440000005473848 4.0500000068277586e-05
80 0.00013160000003153982 3.710000009959913e-05
100 0.00017380000008415664 5.490000012287055e-05
130 0.00023499999997511622 0.00012060000017299899
160 0.0003418999999666994 0.00017689999958747649
200 0.00045350000004873436 0.00033870000015667756
250 0.0007986999999047839 0.0006284999999479624
350 0.0045327000000270345 0.001320900000337133
500 0.010076000000026397 0.0038208000000850006
600 0.018154999999978827 0.0075554000000011
800 0.027258100000153718 0.016626000000087515
1000 0.038110700000061115 0.027106199999707314
2000 0.15907579999998234 0.19526569999970889
5000 0.9674722999998266 2.795284199999969
10000 3.9346914999998717 19.774427300000298

2 7.589999995616381e-05 2.210000002378365e-05
5 2.0600000198101043e-05 9.40000018090359e-06
10 1.8599999975776882e-05 1.8000000181928044e-05
12 2.189999986512703e-05 9.899999895424116e-06
16 2.2400000034394907e-05 8.50000014906982e-06
20 3.4700000014709076e-05 8.900000011635711e-06
30 3.040000001419685e-05 1.629999997021514e-05
40 3.969999988839845e-05 4.549999994196696e-05
45 8.680000019012368e-05 1.8400000044493936e-05
50 7.17000000349799e-05 1.8000000181928044e-05
55 7.669999990866927e-05 1.8899999759014463e-05
60 7.70000001466542e-05 1.4599999758502236e-05
80 0.00011619999986578478 2.840000024662004e-05
100 0.00014600000008613279 5.760000021837186e-05
130 0.00022080000007917988 0.00014160000000629225
160 0.00031990000002224406 0.00016329999971276266
200 0.0004863999999997759 0.00026109999998880085
250 0.001293700000132958 0.0005562999999710883
350 0.006994699999950171 0.0012377000002743443
500 0.0060737999999673775 0.004142299999784882
600 0.016778700000031677 0.007049000000279193
800 0.026808000000073662 0.016132899999774963
1000 0.03461210000000392 0.028724700000111625
2000 0.1590424000000894 0.189514500000314
5000 1.0340552000000116 2.65433400000029
10000 4.256370000000061 20.076852900000176

2 9.399999999004649e-05 1.9699999938893598e-05
5 2.2600000193051528e-05 4.999999873689376e-06
10 1.9300000076327706e-05 5.80000005356851e-06
12 2.419999987068877e-05 3.7999998312443495e-06
16 2.2299999955066596e-05 2.7000000955013093e-06
20 3.510000010464864e-05 4.099999841855606e-06
30 3.0100000003585592e-05 8.900000011635711e-06
40 7.770000001983135e-05 4.380000018500141e-05
45 0.00010739999993347737 1.7099999695346924e-05
50 7.589999995616381e-05 1.990000009755022e-05
55 0.0001250999998774205 1.9699999938893598e-05
60 9.81999999112304e-05 1.5900000107649248e-05
80 0.00020749999998770363 3.329999981360743e-05
100 0.0002608999998301442 6.769999981770525e-05
130 0.0005019999998694402 0.00012719999995169928
160 0.00046099999985926843 0.00020840000024691108
200 0.0006995999999617197 0.00027769999996962724
250 0.0010234000001219101 0.0005997999996907311
350 0.004039400000010573 0.0013005999999222695
500 0.008179899999959162 0.004064300000209187
600 0.015321600000106628 0.007485000000087894
800 0.02406380000002173 0.014830799999799638
1000 0.03695429999993394 0.030721899999662128
2000 0.16375919999995858 0.18265889999975116
5000 1.0630644999998822 2.6242316000002575
10000 4.75335159999986 19.853969300000244

2 0.0001160000001618755 1.939999992828234e-05
5 5.429999987427436e-05 5.699999746866524e-06
10 5.499999997482519e-05 6.300000222836388e-06
12 6.700000017190177e-05 5.100000180391362e-06
16 6.319999988591007e-05 1.050000037139398e-05
20 5.4500000032930984e-05 7.79999982114532e-06
30 3.0499999866151484e-05 1.1799999811046291e-05
40 4.930000000058499e-05 5.020000025979243e-05
45 8.440000010523363e-05 0.0005337999996299914
50 7.21999999768741e-05 0.0018657000000530388
55 7.600000003549212e-05 3.3400000120309414e-05
60 7.80000000304426e-05 1.649999967412441e-05
80 0.00011510000013004174 3.4699999559961725e-05
100 0.0001471000000492495 6.029999985912582e-05
130 0.00024650000000292493 0.00011760000006688642
160 0.0003294999999070569 0.00019190000011803932
200 0.0005553000000872998 0.00029410000024654437
250 0.0010541000001467182 0.0006349000000227534
350 0.004850799999985611 0.0019065999999838823
500 0.007422299999916504 0.0056722000003901485
600 0.014661299999943367 0.00839380000024903
800 0.025196400000140784 0.017586699999810662
1000 0.034524999999803185 0.03093380000018442
2000 0.15302109999993263 0.18793420000019978
5000 0.9937532999999803 2.6171226999999817
10000 4.152474999999868 19.71810090000008

2 7.530000016231497e-05 1.7300000308750896e-05
5 6.230000008144998e-05 3.900000137946336e-06
10 6.830000006630144e-05 3.999999989900971e-06
12 3.169999990859651e-05 3.2999996619764715e-06
16 6.270000017138955e-05 2.8999997994105797e-06
20 6.660000008196221e-05 4.100000296602957e-06
30 5.989999999655993e-05 7.79999982114532e-06
40 5.529999998543644e-05 3.990000004705507e-05
45 8.400000001529406e-05 1.7100000150094274e-05
50 7.129999994504033e-05 1.810000003388268e-05
55 7.449999998243584e-05 1.9699999938893598e-05
60 8.230000003095483e-05 1.5500000245083356e-05
80 0.00011540000014065299 3.9600000036443816e-05
100 0.00015340000004471221 5.890000011277152e-05
130 0.0002223999999841908 0.00010659999998097192
160 0.0005246999999144464 0.00015489999987039482
200 0.001036999999996624 0.0002563999996709754
250 0.000539300000127696 0.0005473000001074979
350 0.0025117000000136613 0.001253000000360771
500 0.009059499999921172 0.003918899999916903
600 0.018851699999913762 0.007235900000068796
800 0.025150899999971443 0.01658110000016677
1000 0.035665799999833325 0.028549399999974412
2000 0.16009149999990768 0.17765680000002249
5000 1.0561554999999316 2.74574900000016
10000 4.210729300000139 21.894238300000325

