2 0.000853000000006432 0.0017957999998543528
5 0.0006404999999176653 0.00011280000035185367
10 0.0006877000000713451 0.00012419999984558672
12 0.0006191000002218061 0.00013819999958286644
16 0.0007108999998308718 9.76999999693362e-05
20 0.0006174000000100932 0.0009593999998287472
30 0.0008727999997972802 0.00010750000001280569
40 0.0005961000001661887 0.00012190000006739865
45 0.0007230999999592314 9.529999988444615e-05
50 0.0006045000000085565 0.00010339999971620273
55 0.0009191999997710809 0.00010520000023461762
60 0.0005977999999231542 9.780000027603819e-05
80 0.0005875000001651642 0.00014509999982692534
100 0.0006343000000015309 0.00021749999996245606
130 0.0007506000001740176 0.0001345999999102787
160 0.0006109999999353022 0.000161999999818363
200 0.0006122999998297018 0.0001540000002933084
250 0.0009190000000671716 0.00023790000022927416
350 0.0008822999998301384 0.00019560000009732903
500 0.0006840000000920554 0.0002754000001914392
600 0.0015171000000009371 0.00028870000005554175
800 0.00078029999986029 0.0004284000001462118
1000 0.0015622999999322928 0.0004920000001220615
2000 0.0007642000000487315 0.0010575000001153967
5000 0.00101859999995213 0.002408800000011979
10000 0.0014682000000902917 0.0042462999999770545
15000 0.00186600000006365 0.0062235000000328

2 0.0006959000002098037 6.649999977526022e-05
5 0.0005850000002283195 6.979999989198404e-05
10 0.0005470999999488413 0.00012040000001434237
12 0.0005964000001768 7.340000001931912e-05
16 0.000625900000159163 7.779999987178599e-05
20 0.0005468999997901847 7.620000042152242e-05
30 0.0005833999998685613 7.830000004105386e-05
40 0.0006332000002657878 8.35999999253545e-05
45 0.0005485000001499429 8.419999994657701e-05
50 0.0005856000002495421 8.439999965048628e-05
55 0.0006564999998772691 8.690000004207832e-05
60 0.0005513999999493535 8.600000001024455e-05
80 0.0005931000000600761 9.299999965151073e-05
100 0.000594699999965087 9.759999966263422e-05
130 0.000566400000025169 0.0001461000001654611
160 0.000648099999580154 0.00011800000038419967
200 0.0010412999999971362 0.00020150000000285218
250 0.0006776000000172644 0.00014680000003863825
350 0.0006381000002875226 0.0001656999997976527
500 0.0006357000002026325 0.00021130000004632166
600 0.0006482000003416033 0.00024549999989176285
800 0.0006585999999515479 0.00030700000024808105
1000 0.0007111999998414831 0.00034190000042144675
2000 0.0007767000001877022 0.0007027000001471606
5000 0.0009819000001698441 0.001681199999893579
10000 0.001258100000086415 0.004000400000222726
15000 0.001843300000018644 0.00584130000015648

2 0.0007396000000881031 7.039999991320656e-05
5 0.000570299999708368 8.380000008401112e-05
10 0.0005486000000018976 7.10999997863837e-05
12 0.0006198000000949833 7.410000034724362e-05
16 0.0005464000000756641 0.00011029999996026163
20 0.000549700000192388 7.49000000723754e-05
30 0.000586000000112108 7.999999979801942e-05
40 0.0005489999998644635 0.00012000000015177648
45 0.0006303999998635845 8.260000004156609e-05
50 0.000601600000209146 8.489999981975416e-05
55 0.0006115999999565247 0.00012190000006739865
60 0.0006084999999984575 8.720000005268957e-05
80 0.0006682000002911082 9.319999981016736e-05
100 0.0005959999998594867 0.00011970000014116522
130 0.000703599999724247 0.00011180000001331791
160 0.0005718000002161716 0.00011919999997189734
200 0.0006142000002000714 0.0001312999997935549
250 0.0006494999997812556 0.00014559999999619322
350 0.0006736999998793181 0.00016419999974459643
500 0.0006044000001566019 0.00024689999963811715
600 0.0006782000000384869 0.00029390000008788775
800 0.000623399999767571 0.0003389000003153342
1000 0.000642700000298646 0.00044759999991583754
2000 0.0006944000001567474 0.0007381000000350468
5000 0.000918699999601813 0.0017885000002024753
10000 0.0013155000001461303 0.0039237999999386375
15000 0.0016689999997652194 0.005952700000307232

2 0.0006519999997181003 7.060000007186318e-05
5 0.0006710000002385641 6.8700000156241e-05
10 0.0010146000004169764 7.399999958579428e-05
12 0.0006644000000051165 7.349999987127376e-05
16 0.0005822000002808636 7.599999980811845e-05
20 0.0005477999998220184 7.439999990310753e-05
30 0.0005823999999847729 7.899999991423101e-05
40 0.0006475000000136788 9.749999981067958e-05
45 0.0005498000000443426 8.24999997348641e-05
50 0.0005854000000908854 8.470000011584489e-05
55 0.0005919999998695857 8.609999986219918e-05
60 0.0005739999996876577 0.0001488000002609624
80 0.0006711999999424734 9.439999985261238e-05
100 0.0005926999997427629 9.890000001178123e-05
130 0.0006823999997322971 0.00011189999986527255
160 0.0005698999998458021 0.00011869999980262946
200 0.0006066000000828353 0.0001312999997935549
250 0.0006819999998697313 0.00014609999971071375
350 0.0006352000000333646 0.00016490000007252092
500 0.0006020000000717118 0.0002472999999554304
600 0.0006157000002531277 0.0002648999998200452
800 0.0007185999998000625 0.0003478000003269699
1000 0.0006434000001718232 0.0004478999999264488
2000 0.0009826000000430213 0.0006929000001036911
5000 0.0009165999999822816 0.0020002999999633175
10000 0.0013977999997223378 0.003916000000117492
15000 0.001571799999965151 0.006648499999755586

2 0.0006937000002835703 7.409999989249627e-05
5 0.0005482999999912863 6.979999989198404e-05
10 0.0006641999998464598 7.229999982882873e-05
12 0.0006253000001379405 7.450000020980951e-05
16 0.0005473999999594525 7.469999991371878e-05
20 0.0005802000000585394 7.599999980811845e-05
30 0.0009884999999485444 0.00013610000041808235
40 0.0006713000002491754 0.00010439999959999113
45 0.0006813999998485087 8.389999993596575e-05
50 0.0005522999999811873 8.609999986219918e-05
55 0.0005894000000807864 8.609999986219918e-05
60 0.0005914000003031106 8.709999974598759e-05
80 0.0005545999997593754 9.510000018053688e-05
100 0.0006748000000698084 0.00010239999983241432
130 0.0006198000000949833 0.00011050000011891825
160 0.0005676999999195687 0.00023659999988012714
200 0.0012968000000910251 0.00034279999999853317
250 0.0009863999998742656 0.00016150000010384247
350 0.0006886999999551335 0.0001781999999366235
500 0.0006896999998389219 0.00022880000005898182
600 0.0007564000002275861 0.000261799999861978
800 0.0007382999997389561 0.00031880000005912734
1000 0.0006781999995837396 0.0004699000000982778
2000 0.0012161999998170359 0.0007467000000360713
5000 0.0009671000002526853 0.0018319999999221181
10000 0.0012870999998995103 0.004500799999732408
15000 0.0016021000001273933 0.006657100000211358

2 0.0006931000002623477 8.04999999672873e-05
5 0.0007095000000845175 9.099999988393392e-05
10 0.0005753000000368047 7.630000027347705e-05
12 0.0005764999996245024 7.930000037958962e-05
16 0.0008603000001130567 0.00012340000012045493
20 0.000930400000015652 8.299999990413198e-05
30 0.0007311999997909879 0.00014600000031350646
40 0.0006750000002284651 9.349999982077861e-05
45 0.0005879000000277301 9.000000000014552e-05
50 0.0005816000002596411 8.969999998953426e-05
55 0.0006217000000106054 9.229999977833359e-05
60 0.0006250000001273293 9.210000007442432e-05
80 0.0005842000000484404 9.910000017043785e-05
100 0.0006691000003229419 0.00012649999962377478
130 0.001080500000171014 0.00013699999999516876
160 0.0006053999995856429 0.00012660000038522412
200 0.0006389000000126543 0.0001422999998794694
250 0.0006151000002319051 0.000152900000102818
350 0.0006244000001061067 0.00017690000004222384
500 0.0006378000002769113 0.0002245000000584696
600 0.0006832999997641309 0.0002567999999882886
800 0.0007300000002032903 0.0005002999996577273
1000 0.0017680999999356573 0.00041599999985919567
2000 0.0007597999997415172 0.0007330000003094028
5000 0.0009359999999105639 0.0017968000001928885
10000 0.0015135000003283494 0.004700499999671592
15000 0.0016377000001739361 0.007422600000154489

2 0.0007009999999354477 8.539999998902204e-05
5 0.0010078999998768268 8.479999996779952e-05
10 0.0005897000000913977 7.709999999860884e-05
12 0.000576800000089861 8.600000001024455e-05
16 0.0005765999999312044 8.040000011533266e-05
20 0.000577899999825604 8.030000026337802e-05
30 0.0005768999999418156 8.509999997841078e-05
40 0.0005815999998048937 8.860000025379122e-05
45 0.0006062000002202694 0.00010449999990669312
50 0.0005826999999953841 8.9399999978923e-05
55 0.0005831000003126974 9.009999985210015e-05
60 0.0009109999996326223 0.00018460000001141452
80 0.0007808000000295579 0.00010250000013911631
100 0.0006323999996311613 0.00010510000038266298
130 0.0008200000002034358 0.00022839999974166858
160 0.0007381999998870015 0.00013340000032258104
200 0.0006392000000232656 0.00014000000010128133
250 0.0006328999998004292 0.00017600000001039007
350 0.0006276999997680832 0.00017440000010537915
500 0.0006396999997377861 0.00024500000017724233
600 0.0010827000000972475 0.00033660000008239876
800 0.0006680000001324515 0.000356500000179949
1000 0.0006753999996362836 0.0003660000002128072
2000 0.0007258000000547327 0.0007398000002467597
5000 0.0009635999999773048 0.0020039000000906526
10000 0.0015948000000207685 0.00432730000011361
15000 0.0020766000002367946 0.006478999999671942

2 0.0012557999998534797 0.00011309999990771757
5 0.0006078000001252803 7.520000008298666e-05
10 0.0005777000001216948 7.809999988239724e-05
12 0.0005771000001004722 7.809999988239724e-05
16 0.0005783999999948719 7.909999976618565e-05
20 0.0005768999999418156 8.090000028460054e-05
30 0.0006100999999034684 8.350000007339986e-05
40 0.0006874000000607339 0.0001181000002361543
45 0.0006751000000804197 8.889999980965513e-05
50 0.0006972000001042034 0.00022189999981492292
55 0.0007787999998072337 9.36000001274806e-05
60 0.0005900999999539636 9.259999978894484e-05
80 0.0008061000003181107 0.00012070000002495362
100 0.0007801000001563807 0.00012429999969754135
130 0.0007190999999693304 0.00012280000009923242
160 0.0007510000000365835 0.00020760000006703194
200 0.0007839999998395797 0.0001495999999860942
250 0.0006260000000111177 0.00023220000002766028
350 0.0009078999996745551 0.00020880000010947697
500 0.0006576999999197142 0.00022869999975227984
600 0.0006472000000030675 0.00026109999998880085
800 0.0006637999999838939 0.00031979999994291575
1000 0.0006734999997206614 0.0004008000000794709
2000 0.0007752999999866006 0.000738799999908224
5000 0.0009797000002436107 0.0023014999997030827
10000 0.0014069000003473775 0.0038884000000507513
15000 0.0021166000001358043 0.0064173000000664615

2 0.0006987000001572596 0.00012860000015280093
5 0.0006961999997656676 7.570000025225454e-05
10 0.000601499999902444 0.00016129999994518585
12 0.0005796000000373169 8.040000011533266e-05
16 0.0006148000002212939 7.830000004105386e-05
20 0.0005774999999630381 0.00012389999983497546
30 0.0006109000000833475 8.399999978792039e-05
40 0.0005859999996573606 8.780000007391209e-05
45 0.0006773999998586078 0.000137400000312482
50 0.0008187000003090361 9.259999978894484e-05
55 0.0005868000002919871 0.00012749999996231054
60 0.0006177000000207045 9.600000021237065e-05
80 0.0005865000002813758 9.890000001178123e-05
100 0.0005929999997533741 0.00010970000039378647
130 0.0005998000001454784 0.00011580000000321888
160 0.0006029999999555002 0.00012650000007852213
200 0.0006466999998337997 0.00013970000009067007
250 0.0006446000002142682 0.00015299999995477265
350 0.0008701000001565262 0.0003167999998368032
500 0.0008100000000013097 0.0002262000002701825
600 0.000653000000056636 0.0002579999995759863
800 0.0006640000001425506 0.00040140000010069343
1000 0.0011273000000073807 0.0008223999998335785
2000 0.0008449000001746754 0.0007275999996636529
5000 0.0009914999995999096 0.0017593000002307235
10000 0.0014090999998188636 0.004190800000287709
15000 0.0016972999997051375 0.006991600000219478

2 0.0006950000001779699 7.649999997738632e-05
5 0.0005836999998791725 7.469999991371878e-05
10 0.0005799000000479282 7.509999977628468e-05
12 0.0005777999999736494 7.830000004105386e-05
16 0.0005799999998998828 8.35999999253545e-05
20 0.000618300000041927 7.920000007288763e-05
30 0.0005789000001641398 8.32000000627886e-05
40 0.0006725000002916204 0.00015629999961674912
45 0.001136400000177673 9.379999983138987e-05
50 0.0006041999999979453 8.980000029623625e-05
55 0.0005851999999322288 9.170000021185842e-05
60 0.0005823999999847729 9.520000003249152e-05
80 0.0005826000001434295 9.929999987434712e-05
100 0.0006216000001586508 0.00010299999985363684
130 0.000637799999822164 0.00016400000004068715
160 0.000628599999799917 0.00012520000018412247
200 0.0006075999999666237 0.00019209999982194859
250 0.0011187000000063563 0.00030629999992015655
350 0.0006751999999323743 0.00021410000044852495
500 0.0006379999999808206 0.00022460000036517158
600 0.0006493000000773463 0.0002567999999882886
800 0.0006594999999833817 0.0003172000001541164
1000 0.0006894999996802653 0.00040140000010069343
2000 0.0007310999999390333 0.0008569999999963329
5000 0.0017786000003070512 0.0018310999998902844
10000 0.0012827000000470434 0.004247099999702186
15000 0.001633299999866722 0.005997199999910663

