2 0.0029265000002851593 0.05854449999969802
5 5.620000001727021e-05 0.00013790000002700253
10 2.7200000204175012e-05 7.21999999768741e-05
12 2.610000001368462e-05 6.840000014562975e-05
16 2.4399999801971717e-05 6.56000001981738e-05
20 2.5099999675148865e-05 0.002625200000238692
30 7.230000028357608e-05 0.00981869999986884
40 7.019999975454994e-05 0.00015460000031453092
45 3.5399999887886224e-05 0.00010490000022400636
50 3.480000032141106e-05 9.569999974701204e-05
55 4.0099999750964344e-05 9.780000027603819e-05
60 3.699999979289714e-05 9.610000006432529e-05
80 4.219999982524314e-05 0.002028899999913847
100 9.38999996833445e-05 0.00022470000021712622
130 8.730000035939156e-05 0.013451299999815092
160 0.00015900000016699778 0.0003281999997852836
200 0.0003896999996868544 0.0003316000002087094
250 0.0007998999999472289 0.0011970000000474101
350 0.006677400000171474 0.0009138999998867803
500 0.002692600000045786 0.0032160999999177875
600 0.006478700000116078 0.0075902999997197185
800 0.010288299999956507 0.028483999999934895
1000 0.028699499999675027 0.03232660000003307
2000 0.09473159999970449 0.12298060000011901
5000 0.3720840999999382 0.9801142000001164
10000 1.4883568000000196 7.214974900000016
15000 3.5331475999996655 18.485643299999992

2 6.779999966965988e-05 0.00016930000037973514
5 3.3799999982875306e-05 8.97999998414889e-05
10 2.990000029967632e-05 8.519999983036541e-05
12 3.1600000056641875e-05 8.469999966109754e-05
16 3.119999973932863e-05 8.419999994657701e-05
20 3.169999990859651e-05 8.74000002113462e-05
30 3.750000041691237e-05 0.00010499999962121365
40 4.360000002634479e-05 0.00010979999979099375
45 3.839999999399879e-05 0.00011689999973896192
50 4.0300000364368316e-05 0.00011389999963284936
55 4.239999998389976e-05 0.00011939999967580661
60 4.510000007940107e-05 0.00012100000003556488
80 5.490000012287055e-05 0.00015379999967990443
100 7.120000009308569e-05 0.00018779999982143636
130 9.639999962018919e-05 0.0002666000000317581
160 0.0001397999999426247 0.00032809999993332895
200 0.0001772000000528351 0.0003847999996651197
250 0.0002653999999893131 0.006481500000063534
350 0.0006809000001339882 0.0010735999999269552
500 0.0027092000000266125 0.0031042999999044696
600 0.0053646999999727996 0.006379399999786983
800 0.011997000000064872 0.009903699999995297
1000 0.01552110000011453 0.01865349999980026
2000 0.06517859999985376 0.11428609999984474
5000 0.3920248999997966 0.9643581999998787
10000 1.4929979999997158 7.159493600000133
15000 3.4707839000002423 18.608276399999795

2 6.959999973332742e-05 0.00018130000034943805
5 3.41999998454412e-05 0.00010100000008606003
10 3.210000022590975e-05 9.59999997576233e-05
12 3.409999999348656e-05 9.59999997576233e-05
16 3.400000014153193e-05 9.580000005371403e-05
20 3.3799999982875306e-05 9.950000003300374e-05
30 4.3900000036956044e-05 0.0001295000001846347
40 4.510000007940107e-05 0.00013480000006893533
45 4.289999969842029e-05 0.00014039999996384722
50 4.479999961404246e-05 0.0001368000002912595
55 4.669999998441199e-05 0.005980099999760569
60 5.9100000271428144e-05 0.0001443999999537482
80 6.509999957415857e-05 0.00017500000012660166
100 7.860000005166512e-05 0.0002131000001099892
130 0.00010440000005473848 0.00031309999985751347
160 0.00019290000000182772 0.0005022000000280968
200 0.0002795000000332948 0.0011233999998694344
250 0.0003762000001188426 0.0011011000001417415
350 0.0009175000000141154 0.001387900000281661
500 0.0033976999998230895 0.004033199999867065
600 0.005439399999886518 0.0041943999999602966
800 0.007463200000074721 0.007324200000311976
1000 0.010705900000175461 0.013582099999894126
2000 0.04900690000022223 0.09823000000005777
5000 0.36644840000008116 0.9736017999998694
10000 1.7770077000000128 7.527520300000106
15000 3.5729004999998324 18.749716100000114

2 7.079999977577245e-05 0.00017920000027515925
5 3.459999970800709e-05 9.910000017043785e-05
10 3.190000006725313e-05 9.439999985261238e-05
12 3.459999970800709e-05 9.260000024369219e-05
16 3.319999996165279e-05 9.910000017043785e-05
20 3.399999968678458e-05 9.9800000043615e-05
30 4.069999977218686e-05 0.00011260000019319705
40 4.540000009001233e-05 0.00012360000027911155
45 4.2300000131945126e-05 0.00012999999989915523
50 4.379999973025406e-05 0.00012490000017351122
55 4.6099999963189475e-05 0.00016789999972388614
60 5.330000021785963e-05 0.00013350000017453567
80 5.6999999742402e-05 0.00015530000018770806
100 7.450000020980951e-05 0.00019069999962084694
130 9.9800000043615e-05 0.0003741000000445638
160 0.00020810000023629982 0.00047850000009930227
200 0.00029660000018338906 0.000622199999725126
250 0.0004174000000602973 0.0008628000000499014
350 0.0009549000001243257 0.0015346000000135973
500 0.004008500000054482 0.004585900000165566
600 0.007351000000198837 0.004660099999910017
800 0.008625899999969988 0.008417300000019168
1000 0.01626429999987522 0.017187100000228384
2000 0.06476080000038564 0.11822129999973185
5000 0.4319915000000947 1.1262700000002042
10000 1.8126314999999522 7.451487400000133
15000 3.6160651000000144 18.795426300000145

2 8.870000010574586e-05 0.00022880000005898182
5 3.59000000571541e-05 9.140000020124717e-05
10 3.1600000056641875e-05 8.729999990464421e-05
12 3.399999968678458e-05 8.520000028511276e-05
16 3.190000006725313e-05 8.569999999963329e-05
20 3.59000000571541e-05 8.990000014819088e-05
30 3.659999993033125e-05 0.0001038999998854706
40 4.7200000153679866e-05 0.00011300000005576294
45 4.200000012133387e-05 0.00012079999987690826
50 4.380000018500141e-05 0.00011689999973896192
55 4.760000001624576e-05 0.00012339999966570758
60 5.3499999921768904e-05 0.00012719999995169928
80 6.0200000007171184e-05 0.0001548000000184402
100 8.759999991525547e-05 0.0001953999999386724
130 0.00010870000005525071 0.0004051999999319378
160 0.0002395999999862397 0.0005013999998482177
200 0.0003038999998352665 0.0006005999998706102
250 0.00046390000034080003 0.0008770999997977924
350 0.0008574999997108534 0.0010927000002993736
500 0.0028483999999480147 0.003484300000309304
600 0.005624500000067201 0.004810999999790511
800 0.008758899999975256 0.010124200000063865
1000 0.017887399999835907 0.019653400000152033
2000 0.06707460000006904 0.12004139999999097
5000 0.4506829000001744 1.117167999999765
10000 1.4665009000000282 7.17635539999992
15000 3.6953849999999875 18.90739480000002

2 7.019999975454994e-05 0.00017900000011650263
5 3.530000003593159e-05 0.00010100000008606003
10 3.330000026835478e-05 9.689999978945707e-05
12 5.270000019663712e-05 9.739999995872495e-05
16 3.3600000278966036e-05 9.589999990566866e-05
20 3.5200000183976954e-05 0.00010199999996984843
30 4.1199999941454735e-05 0.00011169999970661593
40 4.710000030172523e-05 0.00012409999999363208
45 4.3000000005122274e-05 0.00013119999994160025
50 4.5199999931355705e-05 0.00015780000012455275
55 0.00014690000034534023 0.00013159999980416615
60 4.760000001624576e-05 0.00012760000026901253
80 6.369999982780428e-05 0.0002206000003752706
100 8.539999998902204e-05 0.00019930000007661874
130 0.00012070000002495362 0.0004073000000062166
160 0.00020970000014131074 0.0004979000000275846
200 0.000298099999781698 0.0006436000003304798
250 0.000496600000133185 0.0008738000001358159
350 0.0009963999996216444 0.0015456000000995118
500 0.004034699999920122 0.004615400000147929
600 0.0070212000000537955 0.0066157000001112465
800 0.008889000000181113 0.01056029999972452
1000 0.018041899999843736 0.02236990000028527
2000 0.07193310000002384 0.1190403000000515
5000 0.5358840000003511 1.8358650000000125
10000 1.9337460000001556 8.158010999999988
15000 4.153216200000315 20.94560599999977

2 7.550000009359792e-05 0.00018039999986285693
5 3.5600000046542846e-05 0.00010100000008606003
10 3.440000000409782e-05 9.57000002017594e-05
12 3.530000003593159e-05 9.529999988444615e-05
16 3.509999987727497e-05 9.580000005371403e-05
20 3.5600000046542846e-05 0.00010090000023410539
30 3.890000016326667e-05 0.00010870000005525071
40 4.650000028050272e-05 0.00011459999996077386
45 4.1900000269379234e-05 0.00011999999969702912
50 4.3399999867688166e-05 0.0001164000000244414
55 4.7200000153679866e-05 0.00012190000006739865
60 5.2999999752501026e-05 0.0001225999999405758
80 6.519999988086056e-05 0.0001526999999441614
100 8.569999999963329e-05 0.00018989999989571515
130 0.00012400000014167745 0.0003646999998636602
160 0.0002528999998503423 0.000502899999901274
200 0.00033090000033553224 0.0006551999999828695
250 0.0005338999999366933 0.0008573999998588988
350 0.0011958999998569197 0.0014814000001024397
500 0.004021499999907974 0.0046431000000666245
600 0.007449799999903917 0.006201099999998405
800 0.011501999999836698 0.010741499999767257
1000 0.012884899999789923 0.02040850000003047
2000 0.06651289999990695 0.11282260000007227
5000 0.45934810000017023 1.198251700000128
10000 1.8249379999997473 8.142226800000117
15000 4.179887899999812 20.75177960000019

2 7.370000002993038e-05 0.00018640000007508206
5 3.620000006776536e-05 0.00010350000002290471
10 3.3799999982875306e-05 9.69999996414117e-05
12 3.6299999919719994e-05 9.710000040286104e-05
16 3.500000002532033e-05 9.689999978945707e-05
20 3.680000008898787e-05 0.00010059999976874678
30 4.560000024866895e-05 0.00010999999994965037
40 4.820000003746827e-05 0.00011570000015126425
45 4.069999977218686e-05 0.0001222000000780099
50 4.4499999603431206e-05 0.00011730000005627517
55 4.7899999572109664e-05 0.0001223000003847119
60 5.310000005920301e-05 0.00012409999999363208
80 6.609999991269433e-05 0.00015010000015536207
100 9.810000028664945e-05 0.00018599999975776882
130 0.0001283999999941443 0.0004175000003669993
160 0.00027530000033948454 0.0005112999997436418
200 0.00033600000006117625 0.0006243999996513594
250 0.0005346000002646178 0.0008806000000731729
350 0.0012267000001884298 0.0011307999998280138
500 0.002816900000198075 0.0033152000000882254
600 0.00550440000006347 0.0046327000000019325
800 0.008460999999897467 0.008536499999991065
1000 0.012420199999723991 0.020774200000232668
2000 0.06528989999969781 0.1250476999998682
5000 0.4530371999999261 1.1973997000000054
10000 1.801701200000025 8.381126300000233
15000 3.5948355000000447 18.92492110000012

2 7.820000018909923e-05 0.000183999999990192
5 3.59000000571541e-05 0.00010100000008606003
10 3.3599999824218685e-05 9.620000037102727e-05
12 3.580000020519947e-05 9.569999974701204e-05
16 3.479999986666371e-05 9.550000004310277e-05
20 3.6500000078376615e-05 0.00010070000007544877
30 3.9199999719130574e-05 0.00011170000016136328
40 4.709999984697788e-05 0.00011589999985517352
45 4.179999996267725e-05 0.00011989999984507449
50 4.4099999740865314e-05 0.00011730000005627517
55 4.6999999995023245e-05 0.00012190000006739865
60 5.2600000344682485e-05 0.0001224999996338738
80 6.52999997328152e-05 0.00015560000019831932
100 8.500000012645614e-05 0.0001833999999689695
130 0.00012360000027911155 0.00040279999984704773
160 0.0002934999997705745 0.0004905000000690052
200 0.00028339999971649377 0.0005669000001944369
250 0.0004642999997486186 0.0007841999999982363
350 0.0010545999998612388 0.0014639000000897795
500 0.004074700000273879 0.004952099999627535
600 0.007549500000095577 0.006720400000176596
800 0.01290870000002542 0.011813300000085292
1000 0.01709630000004836 0.017972699999972974
2000 0.061564399999952 0.11755649999986417
5000 0.444867400000021 1.046623300000192
10000 1.4776213999998618 7.640464800000245
15000 3.5478935000001 18.787702799999806

2 7.80000000304426e-05 0.00018809999983204762
5 5.200000032345997e-05 0.00011759999961213907
10 3.49000001733657e-05 0.00010729999985414906
12 3.670000023703324e-05 0.00010559999964243616
16 3.6299999919719994e-05 0.00010550000024522888
20 3.66000003850786e-05 0.00010410000004412723
30 4.55999997939216e-05 0.00010700000029828516
40 4.8299999889422907e-05 0.00012650000007852213
45 4.4299999899521936e-05 0.00013330000001587905
50 4.7199999698932515e-05 0.00012100000003556488
55 4.94000000799133e-05 0.0001239999996869301
60 5.650000002788147e-05 0.00013239999998404528
80 7.960000039020088e-05 0.00017619999971429934
100 9.4600000011269e-05 0.00021360000027925707
130 0.00013440000020636944 0.00043669999968187767
160 0.00027260000024398323 0.0005432999996628496
200 0.0003495999999358901 0.0006554000001415261
250 0.0005282000001898268 0.0008963999998741201
350 0.0012261000001672073 0.001571699999658449
500 0.0027578999997786013 0.003508600000259321
600 0.0054735999997319595 0.004597399999966001
800 0.008992300000045361 0.009048500000062631
1000 0.017634600000292266 0.02318589999958931
2000 0.07121749999987514 0.11523329999999987
5000 0.42926360000001296 1.1471167999998215
10000 1.8213847000001806 7.447621799999979
15000 3.518638600000031 18.847866000000067

