2 5.459999999857246e-05 0.00016440000001693988
5 3.040000001419685e-05 0.00021259999994072132
10 3.3799999982875306e-05 0.00016129999994518585
12 2.8100000008635106e-05 7.879999998294807e-05
16 2.560000007179042e-05 9.289999991324294e-05
20 2.6400000024295878e-05 9.990000000925647e-05
30 2.9899999958615808e-05 0.00011910000000625587
40 3.6500000078376615e-05 0.00012369999990369251
45 4.3100000084450585e-05 0.00013599999999769352
50 3.880000008393836e-05 0.0001430999999456617
55 3.90000000152213e-05 0.00015629999995780963
60 3.970000000208529e-05 0.00025660000005700567
80 5.29999999798747e-05 0.0003087000000050466
100 7.019999998192361e-05 0.0003250000000889486
130 8.780000007391209e-05 0.000417299999980969
160 0.0001316999999971813 0.0005689000000757005
200 0.00035370000000511936 0.0008895999999367632
250 0.0005423999999720763 0.0011653999999907683
350 0.0005506999999624895 0.0026717000000644475
500 0.002884299999891482 0.00611530000003313
600 0.005728200000021388 0.009456399999976384
800 0.008457600000042476 0.01949539999998251
1000 0.01324320000003354 0.036754799999926036
2000 0.06628069999999298 0.25057589999994434
5000 0.4474407999999812 3.236983099999975
10000 1.844070600000009 21.67841109999995
15000 4.552853499999969 63.427165700000046

2 6.390000010014774e-05 0.00016529999993508682
5 3.259999994043028e-05 8.9399999978923e-05
10 2.819999997427658e-05 8.340000010775839e-05
12 2.870000002985762e-05 7.74000000092201e-05
16 2.7899999963665323e-05 9.1999999995096e-05
20 3.400000002784509e-05 9.749999992436642e-05
30 3.849999995964026e-05 0.00011659999995572434
40 4.29000000394808e-05 0.00012609999998858257
45 3.59000000571541e-05 0.00013890000002447778
50 3.8200000062715844e-05 0.00014360000000124273
55 4.0000000012696546e-05 0.00015819999998711864
60 4.010000009202486e-05 0.000182099999960883
80 5.69000000041342e-05 0.0003466999999091058
100 7.879999998294807e-05 0.00030839999999443535
130 0.0001181999999744221 0.000419899999997142
160 0.0001756999999997788 0.0006006999999499385
200 0.00023880000003373425 0.0008197999999310923
250 0.0003967999999758831 0.0011298000000579123
350 0.0007766999999603286 0.0024108000000069296
500 0.0029150999999956184 0.005843599999934668
600 0.0060810999999603155 0.009782200000017838
800 0.010352399999987938 0.020565299999930176
1000 0.01597509999999147 0.03741130000003068
2000 0.06316450000008444 0.19874770000001263
5000 0.44053759999997055 2.8341052000000673
10000 1.8169242000000168 20.2085333
15000 4.2459285999999565 63.14771299999995

2 6.830000006630144e-05 0.00017270000012103992
5 3.0100000003585592e-05 8.700000012140663e-05
10 2.769999991869554e-05 7.869999990361976e-05
12 2.8400000019246363e-05 7.430000005115289e-05
16 2.8499999871201e-05 8.58000000789616e-05
20 3.9600000036443816e-05 9.780000004866451e-05
30 3.1700000135970186e-05 0.00011589999985517352
40 4.290000015316764e-05 0.00012399999991430377
45 3.9100000094549614e-05 0.0001393000000007305
50 3.9600000036443816e-05 0.00014420000002246525
55 3.979999996772676e-05 0.0001583999999184016
60 4.0500000068277586e-05 0.00018369999997958075
80 5.750000013904355e-05 0.00035769999999502033
100 7.80000000304426e-05 0.0003019000000676897
130 0.00011749999998755811 0.00041549999991730147
160 0.00017449999995733378 0.0005621000000246568
200 0.0002369999999700667 0.0007957999998779997
250 0.00035630000002129236 0.001052099999924394
350 0.0007766999999603286 0.0022920999999769265
500 0.002688999999918451 0.005174099999976534
600 0.005249199999980192 0.010055899999997564
800 0.011956199999985984 0.021877299999914612
1000 0.01730260000022099 0.035530199999811884
2000 0.0764155000001665 0.19887249999987944
5000 0.43217860000004293 2.8375347999999576
10000 1.8119505000001936 20.224671399999806
15000 4.249878200000012 63.55960120000009

2 6.110000003900495e-05 0.00016600000003563764
5 2.909999989242351e-05 8.100000013655517e-05
10 2.7499999987412593e-05 7.70000001466542e-05
12 2.7399999908084283e-05 7.230000005620241e-05
16 2.7499999987412593e-05 8.800000000519503e-05
20 4.1300000020783045e-05 9.950000003300374e-05
30 3.930000002583256e-05 0.0001164000000244414
40 4.2300000131945126e-05 0.0001231999999617983
45 3.519999995660328e-05 0.00013530000001082954
50 3.8099999983387534e-05 0.00014230000010684307
55 3.9499999957115506e-05 0.00015669999993406236
60 3.969999988839845e-05 0.0001830000001064036
80 5.729999998038693e-05 0.0003272999999808235
100 7.919999984551396e-05 0.0003010000000358559
130 0.00011930000005122565 0.0004166999999597465
160 0.00017370000000482833 0.0006637999999838939
200 0.00033959999996113766 0.001072200000180601
250 0.0005498999998962972 0.0013685999999779597
350 0.0010515000001305452 0.002782199999955992
500 0.003959699999995792 0.006592700000055629
600 0.007431700000097408 0.009993799999847397
800 0.011891200000036406 0.02089920000003076
1000 0.015610599999945407 0.038071599999966566
2000 0.06727120000005016 0.1903904999999213
5000 0.4412885000001552 2.7946977999999945
10000 1.8011698000000251 19.333028700000114
15000 4.233879300000126 64.59428009999988

2 9.660000000621949e-05 0.0001726000000417116
5 3.050000009352516e-05 9.000000000014552e-05
10 2.9199999971751822e-05 8.400000001529406e-05
12 2.9300000051080133e-05 8.180000008906063e-05
16 2.97000001410197e-05 9.329999988949567e-05
20 4.269999999451102e-05 0.0001045000001340668
30 3.54000001152599e-05 0.00012689999994108803
40 5.689999989044736e-05 0.00012809999998353305
45 3.689999994094251e-05 0.00013790000002700253
50 4.99000000218075e-05 0.0001453999998375366
55 4.1099999862126424e-05 0.0001586000000770582
60 4.080000007888884e-05 0.00018670000008569332
80 7.840000012038217e-05 0.0003298999999969965
100 0.0001669000000674714 0.00030470000001514563
130 0.00012130000004617614 0.0004148000000441243
160 0.00017810000008466886 0.0005866999999852851
200 0.000261799999861978 0.0008895999999367632
250 0.0003620999998474872 0.0011070000000472646
350 0.0019897000001947163 0.0024246999998922547
500 0.0027357999999821914 0.005883999999923617
600 0.005443999999897642 0.009116300000187039
800 0.01198219999992034 0.023376599999892278
1000 0.014602899999999863 0.03850770000008197
2000 0.07737400000019079 0.19680099999982303
5000 0.4362212000000909 2.885012799999913
10000 1.7903802000000724 20.593178799999805
15000 4.194893399999955 65.48621839999987

2 6.720000010318472e-05 0.00017119999984060996
5 3.100000003541936e-05 9.039999986271141e-05
10 2.9199999971751822e-05 8.440000010523363e-05
12 3.0599999945479794e-05 8.120000006783812e-05
16 2.9500000209736754e-05 9.569999997438572e-05
20 4.379999995762773e-05 0.00010410000004412723
30 4.080000007888884e-05 0.00012390000006234914
40 5.2699999969263445e-05 0.0001340999999683845
45 3.889999993589299e-05 0.00014380000015989935
50 4.1199999941454735e-05 0.00015250000001287844
55 4.3100000084450585e-05 0.00016600000003563764
60 4.269999999451102e-05 0.0001887000000806438
80 8.150000007844937e-05 0.00038629999994554964
100 0.0001168999999663356 0.00040459999991071527
130 0.00017219999995177204 0.0005414000002019748
160 0.0002598000000944012 0.000762200000053781
200 0.0003311000000394415 0.0009824000001117383
250 0.0005023999999593798 0.0013432999999167805
350 0.001053299999966839 0.0027549999999791908
500 0.0038650999999845226 0.006668300000001182
600 0.007337600000028033 0.009639500000048429
800 0.008707500000127766 0.01922829999989517
1000 0.013520100000050661 0.03692430000000968
2000 0.0687546999999995 0.2070819999999003
5000 0.43199490000006335 2.714172899999994
10000 1.7797453000000587 19.910812999999962
15000 4.214321900000186 63.22417449999989

2 6.210000015016703e-05 0.00016489999984514725
5 3.0599999945479794e-05 8.559999992030498e-05
10 2.7199999976801337e-05 7.770000001983135e-05
12 2.7999999929306796e-05 8.209999987229821e-05
16 2.8200000087963417e-05 8.61999999415275e-05
20 3.940000010516087e-05 9.709999994811369e-05
30 3.270000001975859e-05 0.00011659999995572434
40 4.259999991518271e-05 0.00012500000002546585
45 3.690000016831618e-05 0.00013619999981528963
50 3.749999996216502e-05 0.00014329999999063148
55 4.389999980958237e-05 0.00015870000015638652
60 3.930000002583256e-05 0.00018120000004273606
80 5.639999994855316e-05 0.00039370000013150275
100 0.00011669999980767898 0.00040820000003805035
130 0.0001666999999088148 0.0005501999999069085
160 0.0002400999999281339 0.000766000000112399
200 0.00033799999982875306 0.0010578999999779626
250 0.0005036000000018248 0.001429800000096293
350 0.001052600000093662 0.00279059999979836
500 0.003924099999949249 0.006726200000002791
600 0.00737129999993158 0.010066000000051645
800 0.0119560000000547 0.01716989999999896
1000 0.018257500000117943 0.042487299999947936
2000 0.07246749999990243 0.23319470000001274
5000 0.4371661000000131 2.975593599999911
10000 1.8020249999999578 20.104455500000086
15000 4.218308399999842 64.01153290000002

2 6.209999992279336e-05 0.00016830000004119938
5 3.0499999866151484e-05 9.030000001075678e-05
10 2.689999996619008e-05 7.830000004105386e-05
12 2.8100000008635106e-05 7.419999997182458e-05
16 2.7199999976801337e-05 8.9399999978923e-05
20 4.100000001017179e-05 9.699999986878538e-05
30 3.870000000461005e-05 0.00011729999982890149
40 4.150000017943967e-05 0.0001255999998193147
45 3.5499999967214535e-05 0.00015570000005027396
50 3.9100000094549614e-05 0.00014590000000680448
55 4.0299999909620965e-05 0.0001596000001882203
60 4.0500000068277586e-05 0.00018320000003768655
80 5.650000002788147e-05 0.000326699999959601
100 7.909999999355932e-05 0.00029850000009901123
130 0.00011759999983951275 0.0004127000001972192
160 0.000176199999941673 0.0005571000001509674
200 0.00023579999992762168 0.0008196999999654508
250 0.0003649000000223168 0.0011061000000154309
350 0.0007793000002038752 0.0024543999998059007
500 0.0028929000000061933 0.005910000000085347
600 0.005513199999995777 0.008909399999993184
800 0.009976499999993393 0.020813900000121066
1000 0.01821239999981117 0.04126130000008743
2000 0.06482400000004418 0.20348169999988386
5000 0.4415870999998788 2.7586098000001584
10000 1.7809323999999833 20.69523090000007
15000 4.24103080000009 61.54910689999997

2 6.310000003395544e-05 0.0001672999999300373
5 3.050000009352516e-05 8.539999998902204e-05
10 2.7300000056129647e-05 7.83999998930085e-05
12 2.89999998130952e-05 7.49000000723754e-05
16 2.7499999987412593e-05 0.00014590000000680448
20 4.560000002129527e-05 0.00011140000015075202
30 3.4499999856052455e-05 0.00012560000004668836
40 4.5300000010684016e-05 0.00013289999992593948
45 4.020000005766633e-05 0.00014590000000680448
50 4.170000011072261e-05 0.00015339999981733854
55 4.8900000138019095e-05 0.0001635999999507476
60 4.129999979340937e-05 0.00018490000002202578
80 5.729999998038693e-05 0.0003404000001410168
100 7.959999993545352e-05 0.0003036000000520289
130 0.00011840000001939188 0.0004112000001441629
160 0.00017679999996289553 0.0005744000000049709
200 0.00023690000011811208 0.000820399999838628
250 0.0003733000000920583 0.0011025000001154694
350 0.000801099999989674 0.002405500000122629
500 0.002838600000131919 0.005787499999996726
600 0.005454900000131602 0.009357299999919633
800 0.011955099999795493 0.019782800000029965
1000 0.01703229999998257 0.03829510000014125
2000 0.062045600000146806 0.20808979999992516
5000 0.45187890000011066 2.681266399999913
10000 1.8074117000001024 19.20272769999997
15000 4.237674100000049 60.89661000000001

2 6.320000011328375e-05 0.00016750000008869392
5 2.9199999971751822e-05 8.350000007339986e-05
10 2.7600000066740904e-05 7.78999999511143e-05
12 2.870000002985762e-05 7.26999999187683e-05
16 2.7199999976801337e-05 8.860000002641755e-05
20 4.1199999941454735e-05 9.700000009615906e-05
30 3.870000000461005e-05 0.00012080000010428193
40 4.3399999867688166e-05 0.00012440000000424334
45 3.649999985100294e-05 0.000136099999963335
50 3.889999993589299e-05 0.00014230000010684307
55 3.990000004705507e-05 0.00015780000012455275
60 4.0399999988949276e-05 0.00018419999992147496
80 5.7599999990998185e-05 0.00038020000010874355
100 0.0001168999999663356 0.00040250000006381015
130 0.00016819999996187107 0.0005444000000807137
160 0.00024200000007112976 0.0006913999998232612
200 0.00033169999983329035 0.0010055000000193104
250 0.0005282999998144078 0.0013644000000567758
350 0.0010548000000198954 0.002877899999930378
500 0.003951400000005378 0.006596599999966202
600 0.0065882999999757885 0.007585600000084014
800 0.008645999999998821 0.019438199999967765
1000 0.013542700000016339 0.0314375000000382
2000 0.07719329999986257 0.21884160000013253
5000 0.4270045000000664 2.621936999999889
10000 1.808122899999944 19.40611530000001
15000 4.249356099999886 61.175164100000075

