2 0.0013738000000103057 0.001090100000055827
5 0.0008371000001261564 0.002024899999923946
10 0.0008603999999650114 0.0034792000001289125
12 0.0008378999998512882 0.0044940000000224245
16 0.0008632999999917956 0.005658699999912642
20 0.0009824000001117383 0.006623300000001109
30 0.0008364000000256056 0.009638800000175252
40 0.0008567999998376763 0.012877399999979389
45 0.0008952000000590488 0.014085099999874728
50 0.0008844999999837455 0.016598999999814623
55 0.0009043000000019674 0.01732029999993756
60 0.0008839000001898967 0.020062800000005154
80 0.000886499999978696 0.025334700000030352
100 0.0009038999999120279 0.032845899999983885
130 0.000942200000054072 0.04244440000002214
160 0.00090730000010808 0.05366340000000491
200 0.0010760000000118453 0.06783789999985856
250 0.0009844000001066888 0.08284170000001723
350 0.000966699999935372 0.12033100000007835
500 0.0010457000000769767 0.17524430000003122
600 0.001099999999951251 0.21558830000003582
800 0.0011503000000629982 0.29330189999996037
1000 0.0011945000001105655 0.36094309999998586
2000 0.0013093000000026223 0.8314205000001493
5000 0.0015031000000362837 4.037357200000088
10000 0.002655000000004293 13.869905600000038
15000 0.0035315000000082364 37.08243500000003

2 0.016460399999914443 0.024939900000163107
5 0.000714300000026924 0.0016003000000637257
10 0.0007236999999804539 0.0027202999999644817
12 0.0006683999999950174 0.0036172999998598243
16 0.0006472000000030675 0.003610399999843139
20 0.0008053000001382316 0.0045521999998072715
30 0.0006409000000076048 0.006547799999907511
40 0.0006413000000975444 0.008570199999894612
45 0.0006432000000131666 0.00967539999987821
50 0.0007044999999834545 0.01092930000004344
55 0.0007364999999026622 0.011820899999975154
60 0.0006515000000035798 0.012833999999884327
80 0.0006532999998398736 0.017441899999994348
100 0.0007508999999572552 0.022031400000059875
130 0.0006840000000920554 0.028354199999967022
160 0.0007746999999653781 0.0352940000000217
200 0.0007041000001208886 0.04450520000000324
250 0.000710300000037023 0.05354079999983696
350 0.0007721000001765788 0.07634409999991476
500 0.0006992000000991538 0.11600929999985965
600 0.0008302000001094711 0.13890799999990122
800 0.0007911000000149215 0.2049514000000272
1000 0.0009148999999979424 0.3367748999999094
2000 0.001152099999899292 0.8254057999999986
5000 0.0016313000000991451 3.444697200000064
10000 0.003356799999892246 11.615735600000107
15000 0.0029653999999936786 25.1523823

2 0.0008057000000007974 0.0007990999999947235
5 0.006667500000048676 0.0019448999998985528
10 0.0006304999999429128 0.0025302999999894382
12 0.0006246000000373897 0.0027187000000594708
16 0.0006227999999737222 0.004199299999982031
20 0.0006468000001405017 0.004509500000040134
30 0.0006389000000126543 0.006486499999937223
40 0.0007137000000057014 0.008629100000007384
45 0.0014129000001048553 0.010596800000030271
50 0.0006530999999085907 0.010792600000058883
55 0.0011762000001453998 0.011649099999885948
60 0.0011339999998654093 0.013214900000093621
80 0.0006710999998631451 0.017686000000139757
100 0.0006995999999617197 0.021757399999842164
130 0.000693299999966257 0.028610900000103356
160 0.0013535999999021442 0.03497719999995752
200 0.0006975999999667692 0.04495309999992969
250 0.0007244000000810047 0.05752740000002632
350 0.0007342999999764288 0.08101800000008552
500 0.0007396999999400578 0.11211070000013024
600 0.0008732999999665481 0.15074920000006387
800 0.0008701000001565262 0.19528409999998075
1000 0.0009130999999342748 0.3234171999999944
2000 0.001166100000091319 0.8229863999999907
5000 0.0017300999998042244 3.921221800000012
10000 0.00273549999997158 11.651624999999967
15000 0.0032286000000567583 24.918982700000242

2 0.0008418000002166082 0.0008096999999906984
5 0.0006973999998081126 0.0013119999998707499
10 0.0006242999997994048 0.0023655999998482002
12 0.0006757000001016422 0.0028775999999197666
16 0.000623500000074273 0.009706199999982346
20 0.000644300000203657 0.004521100000147271
30 0.0006346000000121421 0.0072310999998990155
40 0.0006440000001930457 0.012749600000006467
45 0.0014949000001251989 0.011719800000264513
50 0.0006575000002158049 0.01567299999987881
55 0.0016548999997212377 0.01265140000032261
60 0.0006677999999737949 0.013825300000007701
80 0.0006773000000066531 0.01749980000022333
100 0.0006737000003340654 0.021557900000061636
130 0.0007047000003694848 0.028490700000020297
160 0.0006966999999349355 0.03481069999997999
200 0.0006981000001360371 0.043960499999684544
250 0.0007102999998096493 0.05572669999992286
350 0.0008265999999821361 0.0809108000003107
500 0.0008093000001281325 0.11449609999999666
600 0.0007857000000512926 0.14480409999987387
800 0.0007755999999972119 0.24698020000005272
1000 0.0010592000003271096 0.33636200000000827
2000 0.00116920000027676 0.8145501999997578
5000 0.0017640999999457563 3.7179188000000067
10000 0.004078699999809032 11.653388499999892
15000 0.0035337999997864245 24.81437159999996

2 0.0008036999997784733 0.006867900000088412
5 0.0006478999998762447 0.0014106999997238745
10 0.0006816000000071654 0.002513500000077329
12 0.0006607999998777814 0.002816500000335509
16 0.000658200000088982 0.0037560999999186606
20 0.0006490999999186897 0.0052626000001509965
30 0.0006990000001678709 0.006759899999906338
40 0.0006792999997742299 0.009094800000184478
45 0.0006805999996686296 0.009965700000066136
50 0.0008210999999391788 0.011200300000382413
55 0.0006512999998449231 0.012134200000218698
60 0.0006468999999924563 0.013322299999799725
80 0.000724500000160333 0.01769949999970777
100 0.0007187999999587191 0.022230799999761075
130 0.0007233999999698426 0.029099000000314845
160 0.006912700000157201 0.03721850000010818
200 0.0009102999997594452 0.045686400000249705
250 0.0007832999999664025 0.057129100000111066
350 0.0007252999998854648 0.0784576000000925
500 0.0008560000001125445 0.11518699999987803
600 0.0008322000003317953 0.14504729999998744
800 0.0008901999999579857 0.20330879999983154
1000 0.0008601999998063548 0.2688108000002103
2000 0.0009744999997565174 0.6517377000000124
5000 0.0012587999999595922 3.7382179999999607
10000 0.002555199999733304 12.257007300000168
15000 0.0028873000001112814 25.25048969999989

2 0.0008652999999867461 0.00680659999989075
5 0.0006419999999707215 0.001345099999980448
10 0.000617099999999482 0.0024797000000944536
12 0.0006401000000550994 0.0027685999998539046
16 0.0006207999999787717 0.003652899999906367
20 0.0006303000000116299 0.0044679000002361136
30 0.0006333000001177425 0.0064577000002827845
40 0.000636300000223855 0.008619700000053854
45 0.0006433000003198686 0.009729999999763095
50 0.0007525000000896398 0.011633600000095612
55 0.0006809999999859428 0.01183050000008734
60 0.0006505000001197914 0.01289039999983288
80 0.0006619000000682718 0.01703289999977642
100 0.0007336999997278326 0.021754500000042754
130 0.0006841000003987574 0.028183899999930873
160 0.0008365000003323075 0.03455979999989722
200 0.0006966999999349355 0.04401589999997668
250 0.0009003000000120664 0.05565930000011576
350 0.0007294000001820677 0.08573130000013407
500 0.0007155000002967427 0.1144918999998481
600 0.000813799999832554 0.14423170000009122
800 0.0007897000000411936 0.20941940000011527
1000 0.0008756000001994835 0.26171460000023217
2000 0.0009686000003057416 0.6420939999998154
5000 0.0013222000002315326 3.856803099999979
10000 0.002084700000068551 12.072184800000286
15000 0.0029581999997390085 25.261708700000327

2 0.0008869000002960092 0.0008468999999422522
5 0.0007469000001947279 0.0016688000000613101
10 0.0007826000000932254 0.0029346999999688705
12 0.0006962999996176222 0.0033375000002706656
16 0.0007806999997228559 0.004314400000112073
20 0.0007360999998127227 0.0055763000000297325
30 0.0007845999998608022 0.00801099999989674
40 0.0007808999998815125 0.010672599999907106
45 0.0006444000000556116 0.011057899999741494
50 0.0006546999998136016 0.01110789999984263
55 0.007161499999710941 0.012395000000196887
60 0.0007039000001896056 0.013236799999958748
80 0.0007251000001815555 0.017790299999887793
100 0.0006837999999333988 0.022065500000280736
130 0.0007949000000735396 0.028870399999959773
160 0.0007568999999421067 0.03603910000038013
200 0.0007353000000875909 0.045792599999913364
250 0.0007051000002320507 0.057191299999885814
350 0.0007264999999279098 0.08542349999970611
500 0.0008086999996521627 0.11547190000010232
600 0.0009104999999181018 0.1428723999997601
800 0.0008374999997613486 0.20319960000006176
1000 0.0008440999999947962 0.29731470000024274
2000 0.0012080999999852793 0.8222507999998925
5000 0.0017069999998966523 3.67471230000001
10000 0.002815499999996973 12.67366179999999
15000 0.003088700000262179 24.70419449999963

2 0.0008665999998811458 0.0008720000000721484
5 0.000624599999810016 0.0012964000002284592
10 0.000618199999735225 0.0026028000002042972
12 0.0006321000000752974 0.00902959999984887
16 0.000656899999739835 0.003921400000308495
20 0.0006719000002703979 0.0045304999998734274
30 0.0006510999996862665 0.006603499999982887
40 0.0006751000000804197 0.008842700000059267
45 0.0006683999999950174 0.009914499999922555
50 0.0007027000001471606 0.01094920000014099
55 0.000650599999971746 0.011758699999973032
60 0.000657000000046537 0.012828500000068743
80 0.0006573999999091029 0.01696429999992688
100 0.000707800000327552 0.021427399999993213
130 0.0006877000000713451 0.02796730000000025
160 0.0006997999998930027 0.03486449999991237
200 0.0007001999997555686 0.043979399999898305
250 0.0007135999999263731 0.055246599999918544
350 0.0007268000003932684 0.0793773999998848
500 0.0007711000002927904 0.11631080000006477
600 0.0007726000003458466 0.14307479999979478
800 0.0008193000003302586 0.20833640000000742
1000 0.0008404999998674612 0.25955700000031356
2000 0.0010545000000092841 0.6507541999999376
5000 0.0014488000001620094 3.4631782999999814
10000 0.00277879999975994 11.601512200000343
15000 0.004032700000152545 23.848661699999866

2 0.0007755000001452572 0.006700899999941612
5 0.0007113000001481851 0.0013202000000092085
10 0.0006289999996624829 0.002627200000006269
12 0.0006339999999909196 0.002778200000193465
16 0.000625799999852461 0.0037299000000530214
20 0.0006314999995993276 0.004430899999988469
30 0.000631100000191509 0.006573499999831256
40 0.0006358999999065418 0.008675600000060513
45 0.0006478000000242901 0.009649999999965075
50 0.0007616000002599321 0.010681299999760085
55 0.0007316000001083012 0.011824799999885727
60 0.000653000000056636 0.01293130000021847
80 0.0006608000003325287 0.019614399999682064
100 0.0008195000000341679 0.02493049999975483
130 0.0008779999998296262 0.027980000000297878
160 0.0006908000000294123 0.035327800000231946
200 0.0007163999998738291 0.04367120000006253
250 0.0007125000001906301 0.054969599999822094
350 0.0006847999998171872 0.07926760000009381
500 0.0007613000002493209 0.11595459999989544
600 0.0008416999999099062 0.1434732000002441
800 0.00079299999970317 0.20447500000000218
1000 0.0008688999996593338 0.2667642999999771
2000 0.0009764999999788415 0.6399978999997984
5000 0.0011745000001610606 3.161134899999979
10000 0.002231299999948533 11.838418100000126
15000 0.003493999999591324 25.046808500000225

2 0.0008369000001948734 0.0007965999998305051
5 0.0006720000001223525 0.001314299999648938
10 0.0006230999997569597 0.002318000000286702
12 0.0006948000000193133 0.002872600000046077
16 0.0006244999999580614 0.0035932999999204185
20 0.0007199000001492095 0.004424300000209769
30 0.0006327000000965199 0.006584400000065216
40 0.000672600000143575 0.008926599999995233
45 0.0007027999999991152 0.009646299999985786
50 0.00092789999962406 0.010757500000181608
55 0.0006536000000778586 0.011903999999958614
60 0.0006419000001187669 0.013164799999685783
80 0.0006615000002057059 0.01743450000003577
100 0.0006688000003123307 0.022879599999669153
130 0.0006906000003255031 0.028037399999902846
160 0.0008080000002337329 0.03490699999974822
200 0.0008145000001604785 0.0443887999999788
250 0.000703700000030949 0.057715400000233785
350 0.001857300000210671 0.09594569999990199
500 0.0007530000002589077 0.11549729999978808
600 0.0007961000001159846 0.14232859999992797
800 0.0008643999999549123 0.20033849999981612
1000 0.0008015999997041945 0.26038270000026387
2000 0.0009184999998979038 0.6479408000000149
5000 0.0012873999999101216 3.2064852000003157
10000 0.002820700000029319 12.11284539999997
15000 0.0029485999998541956 24.42895260000023

