2 0.00014146999992590282
5 6.959000011192984e-05
10 6.137999998827582e-05
12 6.459999985963805e-05
16 7.111000013537705e-05
20 8.308999995279009e-05
30 0.00011920000024474575
40 0.00024287999995067366
45 0.00023608000001331674
50 0.0002830000000358268
55 0.00031480999987252287
60 0.00035126000002492217
80 0.0005591600000116159
100 0.0008277899999484361
130 0.0013636600001518673
160 0.0020507000000179686
200 0.0033805500000198664
250 0.006096860000161542
350 0.01247735000015382
500 0.02445592999993096
600 0.040002039999944825
800 0.07752936999995655
1000 0.13229867000018203
2000 0.8031902699999591
5000 10.446008820000042
7500 33.812260549999884

