2 0.00018046999998659884
5 0.0001060200000210898
10 0.00010548000002472691
12 0.00011084999998729472
16 0.00010219000005236012
20 0.00011747999999442982
30 0.0001274399999601883
40 0.00013228000000253815
45 0.00014484000002994434
50 0.00014804999996158584
55 0.0001527500000293003
60 0.00015686999995523365
80 0.00028946999996151137
100 0.00028081000002657677
130 0.00037267999996402066
160 0.00043742999996538857
200 0.0005943099999967671
250 0.0008348000000523825
350 0.0014728300000342643
500 0.0032254700000066807
600 0.004956849999916813
800 0.010375339999995958
1000 0.01873049000005267
2000 0.1279824799999915
5000 1.336390890000007
10000 8.125737060000029

