2 0.00018873999997595092
5 9.806999994452781e-05
10 9.305000000949803e-05
12 9.211999997660314e-05
16 0.00010666999996828963
20 0.000101469999958681
30 0.00011741999999230757
40 0.00012092999998003506
45 0.00013034999994943064
50 0.00012683000002198242
55 0.00013300999999046325
60 0.0001292500000090513
80 0.00016118999994887417
100 0.00019369000001461244
130 0.0003270400000246809
160 0.00034006999994744546
200 0.0004886200000328245
250 0.0006779199999982666
350 0.0010613600000624502
500 0.0027001599999948666
600 0.0040232800000239875
800 0.007570560000021942
1000 0.01404671999994207
2000 0.10126970999999685
5000 0.9008302899999763
10000 4.781073450000031

