2 0.0002480299999888302
5 0.0001460300000417192
10 0.00013592000000244296
12 0.00013934999997218257
16 0.00014104999997925914
20 0.0001576699999759512
30 0.00018609999995078397
40 0.00018778999992719037
45 0.00019742000001770065
50 0.00020074000005934067
55 0.0002152700000351615
60 0.00020913999999265797
80 0.00031936999996560187
100 0.0004000499999619933
130 0.00047356000000036146
160 0.0005783000000292304
200 0.0007496700000501732
250 0.001085110000030909
350 0.0019470099999807644
500 0.004412750000005872
600 0.007839890000059312
800 0.012575229999993099
1000 0.020500490000040374
2000 0.15288869000000888
5000 1.303008560000012
10000 7.3337426499999765

