2 0.00015454999993380625
5 7.509999995818362e-05
10 7.561000002169749e-05
12 7.601999996040832e-05
16 8.386000008613337e-05
20 9.288999999625957e-05
30 0.0001473600001190789
40 0.0001914099999339669
45 0.00022301000008155824
50 0.000361100000100123
55 0.0003533299997798167
60 0.00039232000017364044
80 0.0006310799999482697
100 0.0010261799999170761
130 0.0015954599999531637
160 0.0024420199999440227
200 0.0034859299998061034
250 0.005280280000079074
350 0.011963609999929759
500 0.023148289999789996
600 0.0412709299999733
800 0.08700656000009985
1000 0.15084816999997203
2000 0.9937621500000204
5000 13.732384400000138
7500 43.382919709999896

