2 0.0027475400000184893
5 0.0015589499999350664
10 8.070999992924044e-05
12 7.49199999972916e-05
16 8.044000001063977e-05
20 9.306000001743086e-05
30 0.00014445000001614972
40 0.001761549999991985
45 0.00025665000002845774
50 0.000524970000014946
55 0.00034948000002259504
60 0.0003649600000699138
80 0.0010687799999232084
100 0.0009506899999905727
130 0.0015867300000081742
160 0.0019284800000605173
200 0.00327782000008483
250 0.005550180000000182
350 0.011645899999984976
500 0.026767350000091027
600 0.039502659999971004
800 0.08175957000007657
1000 0.1374173799998971
2000 0.8202118300000165
5000 10.290113990000055
7500 33.77914248999991

