2 0.00017557999997279693
5 0.00011345000004894245
10 0.00010243000001537439
12 9.771999998520187e-05
16 9.780000000318978e-05
20 0.000114560000019992
30 0.00013581999999132677
40 0.00014184000001478126
45 0.00015206999994461513
50 0.00015887000001839623
55 0.00016968999996151978
60 0.00017097999996167345
80 0.0002910400000246227
100 0.0003096099999766011
130 0.0003824600000143619
160 0.0004451800000424555
200 0.0005960399999821675
250 0.0008201699999972334
350 0.0014403000000129396
500 0.0031789599999910933
600 0.0051473900000019055
800 0.010233369999991738
1000 0.018963469999971495
2000 0.1251849599999332
5000 1.3202394400000004
10000 7.740250919999994

