2 0.000187389999973675
5 0.00011394999999083665
10 0.00011593999997785431
12 0.00011379000002307294
16 0.00011294000000816595
20 0.00012658999996801868
30 0.00014019000002463144
40 0.00014670999998998014
45 0.00015573999996831844
50 0.00017333999999209483
55 0.00017478000002029147
60 0.00019053999997140637
80 0.00031554999995933033
100 0.00030978000002050975
130 0.0003992299999254101
160 0.00046266000001651266
200 0.0006530399999974179
250 0.0008694400000194946
350 0.0015488200000163487
500 0.003132899999991423
600 0.00524523999995381
800 0.010018330000002606
1000 0.018896810000001096
2000 0.127517940000007
5000 1.328445429999988
10000 7.693104839999956

