2 5.2090000000543135e-05
5 2.0440000004726983e-05
10 4.4259999994286884e-05
12 2.3239999995123876e-05
16 2.2769999991608676e-05
20 4.16500000033977e-05
30 6.103999999655874e-05
40 0.0005374400000021568
45 9.12100000004956e-05
50 0.0001086900000024568
55 0.0001064400000022405
60 0.000118239999996272
80 0.000210880000000722
100 0.00027253000000027094
130 0.0010222099999943467
160 0.0007778599999976992
200 0.0013243700000015722
250 0.0015927800000015333
350 0.0051639300000049775
500 0.010119880000003263
600 0.015999500000002505
800 0.0341513200000005
1000 0.059031350000003965
2000 0.364781300000004
5000 3.1966601000000052
10000 22.466602339999994

