2 0.00014460999991570134
5 6.905999998707557e-05
10 6.32800001767464e-05
12 6.63299998450384e-05
16 7.272999982887995e-05
20 9.132999985013157e-05
30 0.0001340699999673234
40 0.00024778999995760386
45 0.00025707999993755947
50 0.0003123499999674095
55 0.000358319999941159
60 0.00037597999989884555
80 0.0005950099999608938
100 0.0009031300000060582
130 0.0014584000000468222
160 0.0021469100000103937
200 0.0035700100001122338
250 0.006299729999864212
350 0.012549419999959354
500 0.026567639999848326
600 0.042031029999907335
800 0.07949005000000398
1000 0.1368606699999873
2000 0.8165763500001049
5000 10.286355360000016
7500 33.52048358000029

