2 0.00012084999980288558
5 6.795999997848412e-05
10 6.36599999779719e-05
12 6.573000027856323e-05
16 7.203000004665227e-05
20 8.470000011584489e-05
30 0.00012061999968864257
40 0.00026147999997192526
45 0.00025217000002157873
50 0.000320810000266647
55 0.0003575899998395471
60 0.0003917800000635907
80 0.0006204000001162058
100 0.0009359799998492236
130 0.0015287799998986884
160 0.002205860000140092
200 0.0037760499997602894
250 0.006060139999863168
350 0.012283079999906476
500 0.026100330000008398
600 0.04003447999966738
800 0.0821107600002506
1000 0.13385101000003488
2000 0.8141400700000304
5000 10.250974619999942
7500 33.80511592999992

