2 0.00012335000028542708
5 6.466000031650765e-05
10 6.0420000045269263e-05
12 6.191000011313008e-05
16 6.702999999106397e-05
20 7.824000012988109e-05
30 0.0001181699999506236
40 0.0002356099999815342
45 0.0002277999999932945
50 0.0002757099999143975
55 0.0003211900001588219
60 0.00033464999996795085
80 0.0005537999997613952
100 0.0008406400000239955
130 0.0013810899999043614
160 0.0020337299999482637
200 0.0033320899999125684
250 0.005714450000050419
350 0.012077180000233056
500 0.025993380000090837
600 0.03865107999999964
800 0.07910756999999649
1000 0.1336066399999254
2000 0.8190180500000679
5000 10.41811097000009
7500 33.439547080000104

