2 0.002761730000009292
5 8.532000000461559e-05
10 6.768999999659173e-05
12 6.997999999702117e-05
16 7.68700000097558e-05
20 8.936000001014791e-05
30 0.00013376999999507207
40 0.0001844700000091449
45 0.0002200700000016185
50 0.0007706200000009808
55 0.0003548800000105941
60 0.00039246000000923363
80 0.0006199200000057955
100 0.0009869300000040638
130 0.0016393599999938572
160 0.0024737700000081074
200 0.0036926299999981834
250 0.006013269999991607
350 0.012326349999990282
500 0.024502060000007465
600 0.04237960999999741
800 0.08420850000000682
1000 0.14637148999999888
2000 1.0050828000000067
5000 13.026130680000012
7500 41.453909679999995

