2 0.0001778100000365157
5 0.00010388999999122461
10 0.00010046999998394312
12 9.903000001258988e-05
16 0.00010439000003543697
20 0.00011709000002610992
30 0.00013467999999647873
40 0.0001458999999954358
45 0.00015415999998822372
50 0.00016162999999096427
55 0.0001668800000174997
60 0.00016928000002280896
80 0.0003112200000032317
100 0.0003360099999895283
130 0.00041079000000081577
160 0.0005127899999934016
200 0.0006562100000110149
250 0.0009434600000076898
350 0.0023176699999794435
500 0.004665450000004512
600 0.006370480000020962
800 0.013396669999997357
1000 0.02687343000001192
2000 0.1515072700000019
5000 1.4169061999999826
10000 8.167136709999989

