2 6.3009999996666e-05
5 2.241999999341715e-05
10 4.149000000097658e-05
12 2.801000000545173e-05
16 2.823999997190185e-05
20 4.152999999860185e-05
30 6.347000002051572e-05
40 0.00015132000002040513
45 0.00010330000004614704
50 0.00010957000001781126
55 0.00012613999997483915
60 0.00013961000000790592
80 0.00021171000006461326
100 0.00029563000003918205
130 0.0004838399999925969
160 0.0007839200000148594
200 0.001140519999978551
250 0.0018091400000344038
350 0.004206230000022515
500 0.011581169999976737
600 0.019561210000017582
800 0.04137714000002006
1000 0.06995869000004404
2000 0.4267904899999735
5000 3.4023110999999973
10000 23.141678669999976

