2 0.00014834999988124764
5 7.100000002537853e-05
10 6.323000006887014e-05
12 6.546000004163944e-05
16 7.219000003715337e-05
20 8.244999999078573e-05
30 0.00011592999985623464
40 0.0002316999999948166
45 0.00025911000002452054
50 0.00030975999989095725
55 0.00035793000001831387
60 0.000380399999949077
80 0.0006157599999369268
100 0.0009090999999443738
130 0.0014836900000318564
160 0.002287380000052508
200 0.003810389999944164
250 0.0064703799999279
350 0.013010209999993094
500 0.026820409999982076
600 0.03920340999993641
800 0.07786744000004546
1000 0.13811412000009113
2000 0.7968984999999975
5000 9.992958050000016
7500 33.34893075

