2 0.0001878500000088934
5 0.00010280000000193468
10 9.985000001506705e-05
12 9.674000000359229e-05
16 9.704000000283486e-05
20 0.00011366999999609106
30 0.00013315000001057342
40 0.0001387800000088646
45 0.00014635000002272136
50 0.0001539399999842317
55 0.00017811999999821636
60 0.00017522999999073364
80 0.0003358899999852838
100 0.00033351000001857756
130 0.0004227999999898202
160 0.0005242999999836683
200 0.0006461200000103418
250 0.0009393899999963651
350 0.0024227699999755715
500 0.004881779999993796
600 0.006928319999985888
800 0.012764229999993404
1000 0.027039859999979397
2000 0.14976665999998887
5000 1.447465459999978
10000 8.23226089000002

