2 0.00014230999995561432
5 6.463999989136937e-05
10 6.237000006876769e-05
12 6.242000008569449e-05
16 6.993999977567e-05
20 8.021999992706697e-05
30 0.00013118000015310827
40 0.00016817999985505594
45 0.00019954999988840426
50 0.00031011999999464024
55 0.00035537999983716875
60 0.000399089999973512
80 0.0006250899999031389
100 0.0009655500000008033
130 0.0016716699999051344
160 0.0025239600000531936
200 0.003556990000015503
250 0.00547986999990826
350 0.011817850000079488
500 0.022686739999880957
600 0.03968575999997483
800 0.08566610000007131
1000 0.14708447000002706
2000 1.0261550400002306
5000 13.836029410000265
7500 43.23384826999991

