2 0.00014501000005111563
5 7.005999996181344e-05
10 7.104000005710986e-05
12 6.805000007261696e-05
16 7.528999999522057e-05
20 8.423000003858761e-05
30 0.00013458000003083726
40 0.00017503999988548457
45 0.00020466999990276236
50 0.0003331900000375754
55 0.00033424000002924004
60 0.00038237999992816183
80 0.0005752700000357436
100 0.000881909999952768
130 0.0014705699999922218
160 0.0022372700000232726
200 0.003316529999983686
250 0.005442290000019057
350 0.012273540000023786
500 0.024117340000020703
600 0.0426856300000054
800 0.08659451999997145
1000 0.14745004999999764
2000 1.015388729999995
5000 13.9106633899999
7500 43.44732949999998

