2 0.00019028999999477493
5 9.676999999896907e-05
10 9.542999999894164e-05
12 9.105999998837433e-05
16 9.119000000055167e-05
20 9.674000000927662e-05
30 0.00011202000000594125
40 0.00011817999999266248
45 0.00012507000001846791
50 0.00012096000000383356
55 0.00012716999999611288
60 0.00012609999998858257
80 0.00016014000000268424
100 0.0001930200000003879
130 0.0003438199999891367
160 0.0004107199999907607
200 0.0005277899999953206
250 0.0007438200000024153
350 0.0019107600000097592
500 0.0040086100000110035
600 0.005389439999999013
800 0.010887010000004693
1000 0.02189664000000562
2000 0.12198647000000165
5000 1.0497562999999956
10000 5.141995930000002

