2 0.00015219999995679244
5 7.074000000102387e-05
10 7.096999993336795e-05
12 7.089000002906687e-05
16 7.935000000998116e-05
20 8.808999996290368e-05
30 0.00013295000003381573
40 0.00017959000001610548
45 0.00021385999996255124
50 0.0003451800000220828
55 0.00038154000003487454
60 0.00043086000009679993
80 0.0006619699999419026
100 0.0010057800000822681
130 0.0016883300000017699
160 0.002592580000032285
200 0.0037564799999472596
250 0.005856370000014976
350 0.011056289999987711
500 0.02288146000000779
600 0.04141635000003134
800 0.08284442999997736
1000 0.14584605999989436
2000 1.0039441699999998
5000 14.030365489999985
7500 43.027413300000106

