2 0.00014097000002948333
5 6.65899999148678e-05
10 6.330000005618785e-05
12 6.378999987646238e-05
16 7.143000011637924e-05
20 8.238999989771401e-05
30 0.00012950000009368524
40 0.00017017999989548115
45 0.0002043400000729889
50 0.0003259500000240223
55 0.00037072000004627624
60 0.0004077599999618542
80 0.0006383200001437217
100 0.0009910599999784608
130 0.00164093999992474
160 0.0024686900000233437
200 0.003598220000094443
250 0.00569258000004993
350 0.012263220000022557
500 0.022024270000019896
600 0.03998596000001271
800 0.08367781999995713
1000 0.1419540900001266
2000 0.9951084800000899
5000 13.537162369999987
7500 43.154623880000145

