2 0.0001804099999844766
5 6.810000000996297e-05
10 6.497999997918668e-05
12 6.803999998510335e-05
16 7.489999999279461e-05
20 8.509000002732137e-05
30 0.0001306599999793434
40 0.00017881999997371167
45 0.0002104699999904369
50 0.0003392199999893819
55 0.0003438899999991918
60 0.0003870000000006257
80 0.0006148099999904843
100 0.0009621099999776561
130 0.0016309499999920263
160 0.0025853099999835647
200 0.003734739999981684
250 0.006009130000018103
350 0.011685940000006667
500 0.024283790000004045
600 0.041784999999993036
800 0.0828922600000169
1000 0.14855695000002242
2000 0.995053269999994
5000 13.320144300000004
7500 42.702623900000006

