2 0.0001591400005054311
5 7.521000006818212e-05
10 6.834999985585454e-05
12 7.057999955577543e-05
16 7.855999992898433e-05
20 9.176999992632773e-05
30 0.00013336000010895078
40 0.0002745300000242423
45 0.0002890200001274934
50 0.0003472300002613338
55 0.00039321999975072686
60 0.00043193999990762675
80 0.000680839999949967
100 0.0010152200004085899
130 0.0016001600000890904
160 0.0023083000001861364
200 0.00394503999978042
250 0.006358940000063739
350 0.012685489999603306
500 0.02472507000020414
600 0.0418840000002092
800 0.08092273999973258
1000 0.13402923999983613
2000 0.8231754399996134
5000 10.228214409999783
7500 33.745106630000194

