2 0.00027678999998670406
5 0.00014054000001806344
10 0.0001321699999834891
12 0.0001346499999840489
16 0.00013383000000430912
20 0.0001394399999981033
30 0.00015642999999840868
40 0.00016031000000680252
45 0.00019406999999773688
50 0.00019707000000721565
55 0.00020160999999347952
60 0.00018872999999075546
80 0.00029443000001947437
100 0.00039963999996643905
130 0.0005473700000152348
160 0.0006730300000185707
200 0.0008651600000121107
250 0.0013151900000025307
350 0.0030806499999926017
500 0.006294930000001387
600 0.007625150000001213
800 0.015962320000005546
1000 0.028113189999999122
2000 0.1708027900000161
5000 1.3572211299999992
10000 7.680444869999997

