2 0.00015207000005830197
5 7.119000028978916e-05
10 7.063999992169556e-05
12 7.160000022849999e-05
16 7.711999996899977e-05
20 8.583000008002272e-05
30 0.00013328999993973413
40 0.00017465999990236015
45 0.00021271000005071983
50 0.00033296000001428185
55 0.000388930000099208
60 0.0004205300003377488
80 0.0006616900000153692
100 0.0010210299999926064
130 0.0017004899999847113
160 0.00252039999995759
200 0.003663590000178374
250 0.005930449999959819
350 0.01278405000030034
500 0.023671960000046965
600 0.03989034999995056
800 0.08297108999995544
1000 0.1498927599998751
2000 1.0205816500000764
5000 14.022699110000122
7500 43.97995722000005

