2 0.00020863999999392034
5 0.00011704000000918313
10 0.0001091899999778434
12 0.00010874000003013862
16 0.00010584000000335436
20 0.0001241600000184917
30 0.00014233000000558605
40 0.00015341999999236579
45 0.00015730000000075962
50 0.00016809000001103414
55 0.00016880999999102642
60 0.00018231000000241694
80 0.00033367000000907867
100 0.0003687700000000405
130 0.00043926000000737986
160 0.0005366999999978361
200 0.0006761299999880066
250 0.0009608200000002399
350 0.002430760000004284
500 0.004904470000008132
600 0.006937959999993382
800 0.012747819999992771
1000 0.027072520000024268
2000 0.15480373999998848
5000 1.46529951
10000 8.048937699999987

