2 0.00012288999987504213
5 6.651000039710197e-05
10 6.18699996266514e-05
12 6.438000036723679e-05
16 7.092999985616188e-05
20 8.499999985360774e-05
30 0.00012110999996366445
40 0.0002425500000754255
45 0.00027228999988437863
50 0.0003421099998377031
55 0.0003876899998431327
60 0.0004245199997967575
80 0.0006768300003386684
100 0.0010296400001607252
130 0.0016729700002542814
160 0.0023603600000569715
200 0.003837000000203261
250 0.005917559999943478
350 0.012367580000136514
500 0.02662823999999091
600 0.040366770000036925
800 0.08141097000006994
1000 0.13306918000052975
2000 0.8199699800001327
5000 10.304959549999875
7500 33.37800423000008

