2 0.002464489999994157
5 0.00010199000001307468
10 0.00010968000000843858
12 9.69200000042747e-05
16 0.00010082000001148117
20 0.00011766000001216526
30 0.0001352999999937765
40 0.00014359999998987406
45 0.0001519000000030246
50 0.00016321000000516506
55 0.00017508000000248102
60 0.00018269999999347418
80 0.00032353000000853174
100 0.00034136999999532234
130 0.00043525999999474154
160 0.0005437000000029002
200 0.0006606000000090262
250 0.0009705099999905542
350 0.0023870000000101753
500 0.0047725100000093335
600 0.00684241999998676
800 0.013514399999985471
1000 0.02469564999999534
2000 0.15272302999999282
5000 1.4825521800000103
10000 8.449608309999997

