2 0.00014811999994890357
5 6.90800000938907e-05
10 6.196000008458213e-05
12 6.456999976762745e-05
16 6.977999983064365e-05
20 8.343000017703161e-05
30 0.00011769999973694212
40 0.0002449700001307065
45 0.0002778800000214687
50 0.0003324299999349023
55 0.00038067000009505135
60 0.0004050900001402624
80 0.0006371399999807181
100 0.0009547499999825959
130 0.0015509700001075544
160 0.002216729999963718
200 0.0038298200000099316
250 0.006260129999782293
350 0.01298945000007734
500 0.026210400000036316
600 0.04020957000025192
800 0.08050668999994741
1000 0.13604541999998218
2000 0.8132612799999152
5000 10.068189219999885
7500 33.37525839999989

