2 0.00018048999995698978
5 7.754999996905099e-05
10 7.484999998723652e-05
12 7.49099999666214e-05
16 8.27200000458106e-05
20 9.439999996629922e-05
30 0.0001446100000066508
40 0.0001941800000395233
45 0.00023022000002583808
50 0.0003347399999938716
55 0.00036510999993879525
60 0.00041507999999339517
80 0.0006223300000101518
100 0.0009778100000175983
130 0.0016367199999422154
160 0.002530369999976756
200 0.003572379999968689
250 0.0054042900000013105
350 0.011403120000022682
500 0.023357069999951817
600 0.04017665000001216
800 0.08699964000002183
1000 0.14843002999994043
2000 1.0078458600000204
5000 13.603391699999998
7500 43.01182799000001

