2 0.0002663800000163974
5 0.00011154000003443798
10 9.837000004608853e-05
12 9.327999996457947e-05
16 9.434000005512644e-05
20 0.00010953999997127539
30 0.0001344400000107271
40 0.00013135000001511797
45 0.00014139999998405984
50 0.0001463299999386436
55 0.00015270999999756897
60 0.00015740999999707127
80 0.00028750000003583407
100 0.00027906999994229407
130 0.00037207000000307746
160 0.00046233999996729834
200 0.000630530000012186
250 0.000900200000046425
350 0.0015228199999683056
500 0.004042679999997745
600 0.005214859999932741
800 0.010124389999987216
1000 0.02120535000003656
2000 0.13713521000001946
5000 1.3824566199999935
10000 8.186006149999935

