3 6.070000017643906e-05 72
5 5.019999980504508e-05 200
10 4.8800000058690784e-05 800
12 4.6999999995023245e-05 1152
16 9.129999989454518e-05 2048
20 6.260000009206124e-05 3200
30 7.169999980760622e-05 7200
40 8.019999995667604e-05 12800
45 8.930000012696837e-05 16200
50 0.00011009999980160501 20000
55 0.00010410000004412723 24200
60 0.0001081000000340282 28800
80 0.0001855000000432483 51200
100 0.00020659999972849619 80000
130 0.0002816999999595282 135200
160 0.0003436000001784123 204800
200 0.0004002000000582484 320000
250 0.0006179000001793611 500000
350 0.001184700000067096 980000
500 0.0024988999998640793 2000000
600 0.003754000000299129 2880000
800 0.0077172999999675085 5120000
1000 0.01432390000036321 8000000
2000 0.11702569999988555 32000000
5000 1.4916416999999456 200000000
10000 9.806258699999944 800000000

3 9.520000003249152e-05 72
5 7.9100000220933e-05 200
10 7.670000013604295e-05 800
12 7.520000008298666e-05 1152
16 8.369999977730913e-05 2048
20 9.529999988444615e-05 3200
30 0.00010560000009718351 7200
40 0.00011780000022554304 12800
45 0.00019859999974869424 16200
50 0.00014139999984763563 20000
55 0.00014609999971071375 24200
60 0.00014860000010230578 28800
80 0.00027580000005400507 51200
100 0.0002615999997033214 80000
130 0.0003718000002663757 135200
160 0.000435399999787478 204800
200 0.000565300000289426 320000
250 0.0008493999998790969 500000
350 0.0015261000003192748 980000
500 0.0031119000000217056 2000000
600 0.005178200000045763 2880000
800 0.008897999999589956 5120000
1000 0.018064399999730085 8000000
2000 0.12349469999981011 32000000
5000 1.456734499999584 200000000
10000 10.482079500000054 800000000

3 0.0001314999999522115 72
5 0.0001094999997803825 200
10 0.00011509999967529438 800
12 0.00010750000001280569 1152
16 0.00012149999975008541 2048
20 0.00014409999994313694 3200
30 0.00015929999972286168 7200
40 0.00018239999963043374 12800
45 0.00019810000003417372 16200
50 0.00021130000004632166 20000
55 0.00022880000005898182 24200
60 0.000241100000039296 28800
80 0.0002982999999403546 51200
100 0.00035509999997884734 80000
130 0.0004669999998441199 135200
160 0.0005427000000963744 204800
200 0.0006026000000929344 320000
250 0.0007909999999355932 500000
350 0.0015459999999620777 980000
500 0.0030261000001701177 2000000
600 0.004880800000137242 2880000
800 0.009704399999918678 5120000
1000 0.017271900000196183 8000000
2000 0.11607899999989968 32000000
5000 1.3848118000000795 200000000
10000 10.891143800000009 800000000

3 0.00012860000015280093 72
5 0.00012029999970764038 200
10 0.00011510000013004174 800
12 0.00011439999980211724 1152
16 0.0001295000001846347 2048
20 0.0001443999999537482 3200
30 0.0002191999997194216 7200
40 0.00039470000001529115 12800
45 0.00025689999984024325 16200
50 0.00023110000029191724 20000
55 0.0002336999996259692 24200
60 0.00025589999995645485 28800
80 0.0003156000002491055 51200
100 0.00036869999985356117 80000
130 0.0005291000002216606 135200
160 0.0007100000002537854 204800
200 0.0006372999996528961 320000
250 0.0009743999999045627 500000
350 0.0022374000000127126 980000
500 0.0035929999999098072 2000000
600 0.006207099999755883 2880000
800 0.010522000000037224 5120000
1000 0.01960830000007263 8000000
2000 0.1344547999997303 32000000
5000 1.5878873000001477 200000000
10000 10.503366499999629 800000000

3 8.189999971364159e-05 72
5 6.819999998697313e-05 200
10 6.630000007135095e-05 800
12 6.410000014511752e-05 1152
16 7.370000002993038e-05 2048
20 8.450000041193562e-05 3200
30 9.629999976823456e-05 7200
40 0.00010780000002341694 12800
45 0.00012379999998302083 16200
50 0.00012790000027962378 20000
55 0.0002272000001539709 24200
60 0.00015170000006037299 28800
80 0.0002044999996542174 51200
100 0.00024350000012418604 80000
130 0.0003464999999778229 135200
160 0.0009024999999382999 204800
200 0.0007974000000103842 320000
250 0.0008287000000564149 500000
350 0.0015797000000929984 980000
500 0.0033884999998008425 2000000
600 0.005811300000004849 2880000
800 0.010266700000101991 5120000
1000 0.02160860000003595 8000000
2000 0.13238629999978002 32000000
5000 1.6047430999997232 200000000
10000 10.600264499999867 800000000

3 0.0001247000000148546 72
5 0.00010650000012901728 200
10 0.0001094999997803825 800
12 0.00010530000008657225 1152
16 0.00011760000006688642 2048
20 0.0001374999997096893 3200
30 0.00015530000018770806 7200
40 0.00019350000002305023 12800
45 0.00021250000008876668 16200
50 0.00022540000009030337 20000
55 0.0002389999999650172 24200
60 0.0002488999998604413 28800
80 0.0003102000000581029 51200
100 0.00034450000021024607 80000
130 0.0008450999998785846 135200
160 0.0006050000001778244 204800
200 0.0007885999998507032 320000
250 0.0010603000000628526 500000
350 0.0019253000000389875 980000
500 0.00334610000027169 2000000
600 0.0051447999999254534 2880000
800 0.009887500000331784 5120000
1000 0.021216699999968114 8000000
2000 0.1275751999996828 32000000
5000 1.3282807999999022 200000000
10000 9.918717199999719 800000000

3 0.00012109999988751952 72
5 0.00010549999979048152 200
10 0.0001094999997803825 800
12 0.00010449999990669312 1152
16 0.00011610000001383014 2048
20 0.00013639999997394625 3200
30 0.0001502000000073167 7200
40 0.00016869999990376527 12800
45 0.00018369999997958075 16200
50 0.00019410000004427275 20000
55 0.00021220000007815543 24200
60 0.00022149999995235703 28800
80 0.0002816000001075736 51200
100 0.00032520000013391837 80000
130 0.000428999999712687 135200
160 0.0005212999999457679 204800
200 0.0006808999996792409 320000
250 0.0008982999997897423 500000
350 0.0016312000002471905 980000
500 0.0034694999999373977 2000000
600 0.0044302999999672465 2880000
800 0.007579600000099163 5120000
1000 0.017049900000074558 8000000
2000 0.10151580000001559 32000000
5000 1.6018390999997791 200000000
10000 10.711165000000165 800000000

3 8.739999975659885e-05 72
5 8.260000004156609e-05 200
10 0.00012789999982487643 800
12 0.00011499999982333975 1152
16 7.899999991423101e-05 2048
20 9.390000013809185e-05 3200
30 9.739999995872495e-05 7200
40 0.00010769999971671496 12800
45 0.00011979999999311985 16200
50 0.00029240000003483146 20000
55 0.00025510000023132307 24200
60 0.0002457000000504195 28800
80 0.0003167999998368032 51200
100 0.0003735999998752959 80000
130 0.0005031000000599306 135200
160 0.0005903000001126202 204800
200 0.000784000000294327 320000
250 0.0011313999998492363 500000
350 0.0018793999997797073 980000
500 0.004084900000179914 2000000
600 0.005994900000132475 2880000
800 0.01010180000002947 5120000
1000 0.02049059999990277 8000000
2000 0.12907460000042192 32000000
5000 1.5761963999998443 200000000
10000 10.023729000000003 800000000

3 8.639999987281044e-05 72
5 7.649999997738632e-05 200
10 7.760000016787671e-05 800
12 7.830000004105386e-05 1152
16 8.380000008401112e-05 2048
20 9.649999992689118e-05 3200
30 0.00010789999987537158 7200
40 0.00011760000006688642 12800
45 0.0001216000000567874 16200
50 0.00012830000014218967 20000
55 0.0001449999999749707 24200
60 0.000146500000028027 28800
80 0.00021809999998367857 51200
100 0.0002555999999458436 80000
130 0.00035100000013699173 135200
160 0.0004243999997015635 204800
200 0.000617099999999482 320000
250 0.0007928999998512154 500000
350 0.0018610000001899607 980000
500 0.0033800999999584747 2000000
600 0.0050175000001217995 2880000
800 0.009762099999989005 5120000
1000 0.017701599999782047 8000000
2000 0.12296710000009625 32000000
5000 1.5059756000000561 200000000
10000 11.990500899999915 800000000

3 8.97999998414889e-05 72
5 7.670000013604295e-05 200
10 7.719999985056347e-05 800
12 7.659999982934096e-05 1152
16 8.479999996779952e-05 2048
20 9.680000039224979e-05 3200
30 0.00010849999989659409 7200
40 0.00012040000001434237 12800
45 0.00013449999960357673 16200
50 0.00021940000033282558 20000
55 0.000282599999991362 24200
60 0.00025030000006154296 28800
80 0.0003366999999343534 51200
100 0.0003741999998965184 80000
130 0.0004696999999396212 135200
160 0.0006018999997650099 204800
200 0.0007338999998864892 320000
250 0.0009374999999636202 500000
350 0.0017087999999603198 980000
500 0.003921499999705702 2000000
600 0.0056058000000120956 2880000
800 0.01079699999991135 5120000
1000 0.018242799999825365 8000000
2000 0.14127890000008847 32000000
5000 1.4815749999997934 200000000
10000 11.36224970000012 800000000

