3 1.190000000406144e-05 144
5 7.3999999585794285e-06 400
10 1.2500000025283953e-05 1600
12 1.0299999985363684e-05 2304
16 1.190000000406144e-05 4096
20 1.8700000055105193e-05 6400
30 2.999999992425728e-05 14400
40 7.649999997738632e-05 25600
45 7.830000004105386e-05 32400
50 8.470000000215805e-05 40000
55 9.710000006180053e-05 48400
60 0.00010950000000775617 57600
80 0.00013439999997899577 102400
100 0.00024050000001807348 160000
130 0.0005379000000402812 270400
160 0.0006128999999646112 409600
200 0.0008183999999573643 640000
250 0.0017477000000098997 1000000
350 0.003455199999962133 1960000
500 0.009348700000032295 4000000
600 0.01285500000005868 5760000
800 0.028155700000070283 10240000
1000 0.04865929999994023 16000000
2000 0.2920071999999436 64000000
5000 2.9932681999999886 400000000
10000 21.90718629999992 1600000000

3 1.3899999999011925e-05 144
5 8.999999977277184e-06 400
10 1.4099999930294871e-05 1600
12 1.3100000046506466e-05 2304
16 1.499999996212864e-05 4096
20 2.1699999933844083e-05 6400
30 3.540000000157306e-05 14400
40 8.37000000046828e-05 25600
45 8.739999998397252e-05 32400
50 0.0001006000001098073 40000
55 0.00011789999996381084 48400
60 0.0001231999999617983 57600
80 0.00018180000006395858 102400
100 0.00022860000001401204 160000
130 0.00036489999990863 270400
160 0.0005244999999831634 409600
200 0.0008933000000297397 640000
250 0.001993400000060319 1000000
350 0.003710000000069158 1960000
500 0.008704700000066623 4000000
600 0.014947399999982736 5760000
800 0.0329701999999088 10240000
1000 0.05685890000006566 16000000
2000 0.34134190000008857 64000000
5000 3.206256899999971 400000000
10000 21.919143100000042 1600000000

3 1.5200000007098424e-05 144
5 9.399999953529914e-06 400
10 1.3500000022759195e-05 1600
12 1.2999999967178155e-05 2304
16 1.4500000020234438e-05 4096
20 2.170000004753092e-05 6400
30 3.540000000157306e-05 14400
40 4.5599999907608435e-05 25600
45 5.4399999953602673e-05 32400
50 6.050000001778244e-05 40000
55 7.070000003750465e-05 48400
60 7.749999997486157e-05 57600
80 0.000146500000028027 102400
100 0.0001679999999169013 160000
130 0.00041069999997489504 270400
160 0.0005330000000185464 409600
200 0.0009192999999640961 640000
250 0.0019695999999385094 1000000
350 0.003773900000055619 1960000
500 0.008655400000066038 4000000
600 0.014971599999967111 5760000
800 0.03241499999990083 10240000
1000 0.0567370999999639 16000000
2000 0.3415099999999711 64000000
5000 3.0935468999999785 400000000
10000 21.62233399999991 1600000000

3 1.4800000030845695e-05 144
5 9.100000056605495e-06 400
10 1.3899999999011925e-05 1600
12 1.3100000046506466e-05 2304
16 1.4599999985875911e-05 4096
20 2.1800000013172394e-05 6400
30 3.500000002532033e-05 14400
40 8.520000005773909e-05 25600
45 8.859999991273071e-05 32400
50 0.00010090000000673172 40000
55 0.00012330000004112662 48400
60 0.00012430000003860187 57600
80 0.00019780000002356246 102400
100 0.0002216999999973268 160000
130 0.0003630999999586493 270400
160 0.0005535000000236323 409600
200 0.0008991000000833083 640000
250 0.0020038000000113243 1000000
350 0.003718899999967107 1960000
500 0.008687699999995857 4000000
600 0.01423299999999017 5760000
800 0.03296999999997752 10240000
1000 0.05743219999999383 16000000
2000 0.32432779999999184 64000000
5000 3.133574200000112 400000000
10000 22.045213699999977 1600000000

3 1.5300000086426735e-05 144
5 9.399999953529914e-06 400
10 1.3899999885325087e-05 1600
12 1.2999999853491317e-05 2304
16 1.3699999954042141e-05 4096
20 2.1599999854515772e-05 6400
30 3.6399999999048305e-05 14400
40 8.980000006886257e-05 25600
45 5.800000008093775e-05 32400
50 6.299999995462713e-05 40000
55 7.140000002436864e-05 48400
60 8.290000005217735e-05 57600
80 0.00015419999999721767 102400
100 0.00018330000011701486 160000
130 0.00037750000001324224 270400
160 0.0005719999999200809 409600
200 0.0008376999999200052 640000
250 0.001932100000203718 1000000
350 0.0038361999997960083 1960000
500 0.008897000000160915 4000000
600 0.014983900000061112 5760000
800 0.03269419999992351 10240000
1000 0.058786299999837865 16000000
2000 0.33995789999994486 64000000
5000 3.130812999999989 400000000
10000 21.77360900000008 1600000000

3 1.3999999964653398e-05 144
5 9.500000032858225e-06 400
10 1.3999999964653398e-05 1600
12 1.3200000012147939e-05 2304
16 1.4700000065204222e-05 4096
20 2.1400000150606502e-05 6400
30 3.589999982978043e-05 14400
40 8.400000001529406e-05 25600
45 8.800000000519503e-05 32400
50 0.0001007999999274034 40000
55 0.00011620000009315845 48400
60 0.00012369999990369251 57600
80 0.00018239999985780742 102400
100 0.0002196999998886895 160000
130 0.0003647999999429885 270400
160 0.0005699000000731758 409600
200 0.0008884000001216918 640000
250 0.0020068999999693915 1000000
350 0.0038206000001537177 1960000
500 0.00872479999998177 4000000
600 0.01498289999994995 5760000
800 0.032156400000076246 10240000
1000 0.05728850000014063 16000000
2000 0.34071930000004613 64000000
5000 3.2148378000001685 400000000
10000 23.601960299999973 1600000000

3 1.2900000001536682e-05 144
5 9.000000090964022e-06 400
10 1.4699999837830546e-05 1600
12 1.2900000001536682e-05 2304
16 1.4400000054592965e-05 4096
20 2.1399999923232826e-05 6400
30 3.59000000571541e-05 14400
40 4.500000000007276e-05 25600
45 5.3600000001097214e-05 32400
50 6.12999999702879e-05 40000
55 7.069999992381781e-05 48400
60 7.689999983995222e-05 57600
80 0.00014269999996940896 102400
100 0.0001679000001786335 160000
130 0.0004083999999693333 270400
160 0.0006301000000803469 409600
200 0.0009225000001151784 640000
250 0.0020511999998689134 1000000
350 0.0038313000000016473 1960000
500 0.008727899999939837 4000000
600 0.015302600000040911 5760000
800 0.0328773999999612 10240000
1000 0.05782339999996111 16000000
2000 0.34798060000002806 64000000
5000 3.163184900000033 400000000
10000 21.825759599999856 1600000000

3 1.3600000102087506e-05 144
5 9.099999942918657e-06 400
10 1.3699999954042141e-05 1600
12 1.2799999922208372e-05 2304
16 1.3899999885325087e-05 4096
20 2.1800000013172394e-05 6400
30 3.599999990910874e-05 14400
40 4.6200000042517786e-05 25600
45 5.480000004354224e-05 32400
50 6.089999988034833e-05 40000
55 7.040000014058023e-05 48400
60 7.689999983995222e-05 57600
80 0.00014370000008057104 102400
100 0.00023539999983768212 160000
130 0.0004063999999743828 270400
160 0.0005554000001666282 409600
200 0.0009035999999014166 640000
250 0.0020300000001043372 1000000
350 0.003722500000094442 1960000
500 0.008649500000046828 4000000
600 0.014590799999950832 5760000
800 0.03130530000021281 10240000
1000 0.057179300000143485 16000000
2000 0.36204320000001644 64000000
5000 3.105593499999941 400000000
10000 21.865072299999838 1600000000

3 1.3500000022759195e-05 144
5 9.600000112186535e-06 400
10 1.3999999964653398e-05 1600
12 1.2999999853491317e-05 2304
16 1.4199999895936344e-05 4096
20 2.1399999923232826e-05 6400
30 3.579999997782579e-05 14400
40 8.419999994657701e-05 25600
45 9.18999999157677e-05 32400
50 0.00010210000004917674 40000
55 0.00011790000007749768 48400
60 0.00012540000011540542 57600
80 0.00018270000009579235 102400
100 0.0002191999999467953 160000
130 0.0003632000000379776 270400
160 0.0005685000000994478 409600
200 0.0008895999999367632 640000
250 0.0020517000000381813 1000000
350 0.0037053999999443477 1960000
500 0.008284399999865855 4000000
600 0.01489539999988665 5760000
800 0.031191000000035274 10240000
1000 0.05596869999999399 16000000
2000 0.3315706999999293 64000000
5000 3.1814664000000903 400000000
10000 21.886319100000037 1600000000

3 1.3999999964653398e-05 144
5 9.099999942918657e-06 400
10 1.3799999805996777e-05 1600
12 1.2900000001536682e-05 2304
16 1.3900000112698763e-05 4096
20 2.1600000081889448e-05 6400
30 3.589999982978043e-05 14400
40 4.9600000011196244e-05 25600
45 5.699999996977567e-05 32400
50 6.249999978535925e-05 40000
55 7.230000005620241e-05 48400
60 8.070000012594392e-05 57600
80 0.00015120000011847878 102400
100 0.00017950000005839684 160000
130 0.00043890000006285845 270400
160 0.0005583999998179934 409600
200 0.0008910999999898195 640000
250 0.002075599999898259 1000000
350 0.0038090000000465807 1960000
500 0.008752799999911076 4000000
600 0.015285100000028251 5760000
800 0.03202350000015031 10240000
1000 0.0565867000000253 16000000
2000 0.33589389999997366 64000000
5000 3.0976247000000967 400000000
10000 21.450584199999867 1600000000

