3 0.00011879999999564461 90
5 9.77999999918211e-05 250
10 8.259999998472267e-05 1000
12 5.069999997431296e-05 1440
16 8.669999999710853e-05 2560
20 9.7200000027442e-05 4000
30 0.0001163000000019565 9000
40 0.0001232999999842832 16000
45 0.0001548000000184402 20250
50 0.00014620000001741573 25000
55 0.0001278999999954067 30250
60 0.00014220000002751476 36000
80 0.00020280000001093867 64000
100 0.00024060000004055837 100000
130 0.0007034999999859792 169000
160 0.0007252999999991516 256000
200 0.0010818000000085704 400000
250 0.0013278999999783991 625000
350 0.002241300000036972 1225000
500 0.0051878000000442626 2500000
600 0.009623800000042593 3600000
800 0.01735209999998233 6400000
1000 0.03418049999999084 10000000
2000 0.164798200000007 40000000
5000 2.582760300000018 250000000
10000 18.0822187 1000000000

3 7.959999993545352e-05 90
5 6.510000002890592e-05 250
10 6.38999999864609e-05 1000
12 6.310000003395544e-05 1440
16 6.980000000567088e-05 2560
20 8.409999998093554e-05 4000
30 0.00010020000001986773 9000
40 0.00011259999996582337 16000
45 0.0001330000000052678 20250
50 0.00014410000005682377 25000
55 0.00016579999999066786 30250
60 0.0002181000000973654 36000
80 0.0002666000000317581 64000
100 0.0003285000000232685 100000
130 0.00048600000002352317 169000
160 0.0006258999999317894 256000
200 0.0008569999999963329 400000
250 0.0013136000000031345 625000
350 0.002748699999983728 1225000
500 0.006857899999999972 2500000
600 0.012008199999968383 3600000
800 0.021035500000039065 6400000
1000 0.03554579999990892 10000000
2000 0.24434919999998783 40000000
5000 2.715868099999966 250000000
10000 18.43362060000004 1000000000

3 7.80000000304426e-05 90
5 6.440000004204194e-05 250
10 6.25999999783744e-05 1000
12 7.779999998547282e-05 1440
16 6.940000002941815e-05 2560
20 7.9699999901095e-05 4000
30 9.9800000043615e-05 9000
40 0.00011089999998148414 16000
45 0.0001323000000184038 20250
50 0.0001423999999587977 25000
55 0.00016759999994064856 30250
60 0.00018639999996139522 36000
80 0.00030509999999139836 64000
100 0.0003475999999409396 100000
130 0.00045529999999871507 169000
160 0.0006120000000464643 256000
200 0.0007881000000224958 400000
250 0.0012768000000278334 625000
350 0.002586899999982961 1225000
500 0.004744299999970281 2500000
600 0.00803839999991851 3600000
800 0.014103900000009162 6400000
1000 0.03409470000008241 10000000
2000 0.2105315999999675 40000000
5000 2.789256200000068 250000000
10000 18.553578700000003 1000000000

3 7.779999998547282e-05 90
5 6.51999999945474e-05 250
10 6.299999995462713e-05 1000
12 6.280000002334418e-05 1440
16 7.029999994756508e-05 2560
20 8.070000001225708e-05 4000
30 0.00010069999996176193 9000
40 0.0001120000000582877 16000
45 0.0001345999999102787 20250
50 0.00014280000004873727 25000
55 0.00016960000004928588 30250
60 0.00018769999996948172 36000
80 0.00027199999999538704 64000
100 0.000335000000063701 100000
130 0.0004673000000821048 169000
160 0.0007325000000264481 256000
200 0.0008051999999452164 400000
250 0.0013195000000223445 625000
350 0.002705300000002353 1225000
500 0.0060100999999121996 2500000
600 0.007208200000036413 3600000
800 0.015139500000032058 6400000
1000 0.03145419999998467 10000000
2000 0.20059090000006563 40000000
5000 2.7787051999999903 250000000
10000 18.282548099999985 1000000000

3 8.130000003347959e-05 90
5 7.310000000870787e-05 250
10 7.249999998748535e-05 1000
12 7.270000003245514e-05 1440
16 7.949999996981205e-05 2560
20 8.960000002389279e-05 4000
30 0.00010540000005221373 9000
40 0.00011499999993702659 16000
45 0.0001343000000133543 20250
50 0.00014659999999366846 25000
55 0.00016499999992447556 30250
60 0.00019420000000991422 36000
80 0.00027000000000043656 64000
100 0.00032829999997829873 100000
130 0.00047069999993709644 169000
160 0.0006746000000248387 256000
200 0.0008740999999190535 400000
250 0.0012891000000081476 625000
350 0.0023740000000316286 1225000
500 0.004700599999978294 2500000
600 0.006989299999986542 3600000
800 0.022618299999976443 6400000
1000 0.031688099999996666 10000000
2000 0.21720349999998234 40000000
5000 2.5917967000000317 250000000
10000 20.08131949999995 1000000000

3 7.770000001983135e-05 90
5 6.429999996271363e-05 250
10 6.339999993087986e-05 1000
12 6.270000005770271e-05 1440
16 6.899999993947858e-05 2560
20 8.040000000164582e-05 4000
30 0.00014590000000680448 9000
40 0.0001111999999920954 16000
45 0.00012950000007094786 20250
50 0.00014600000008613279 25000
55 0.00016259999995327235 30250
60 0.0001879000000144515 36000
80 0.0002657999999655658 64000
100 0.0003255000000308428 100000
130 0.0004660000000740183 169000
160 0.0006302000000459884 256000
200 0.0007946000000629283 400000
250 0.0013747000000421394 625000
350 0.0027092000000266125 1225000
500 0.0074102000000948465 2500000
600 0.011064999999916836 3600000
800 0.01594000000000051 6400000
1000 0.034079700000006596 10000000
2000 0.20409089999998287 40000000
5000 3.752302699999973 250000000
10000 17.791488399999935 1000000000

3 7.979999998042331e-05 90
5 6.469999993896636e-05 250
10 6.710000002385641e-05 1000
12 6.380000002081943e-05 1440
16 7.100000004811591e-05 2560
20 8.260000004156609e-05 4000
30 0.00010009999994053942 9000
40 0.0001164000000244414 16000
45 0.00013309999997090927 20250
50 0.00014670000007299677 25000
55 0.0001661000000012791 30250
60 0.00018669999997200648 36000
80 0.00028859999997621344 64000
100 0.0003490000000283544 100000
130 0.0004794000000174492 169000
160 0.0007310999999390333 256000
200 0.0008765000000039436 400000
250 0.0013451000000941349 625000
350 0.0028988999999910448 1225000
500 0.007463899999947898 2500000
600 0.010245999999938249 3600000
800 0.01656669999999849 6400000
1000 0.03612259999999878 10000000
2000 0.2133125000000291 40000000
5000 2.6583486000000676 250000000
10000 18.354192300000022 1000000000

3 7.74000000092201e-05 90
5 6.469999993896636e-05 250
10 6.369999994149111e-05 1000
12 6.21000000364802e-05 1440
16 7.019999998192361e-05 2560
20 8.009999999103457e-05 4000
30 0.00010009999994053942 9000
40 0.00011150000000270666 16000
45 0.00013110000008964562 20250
50 0.00014229999999315623 25000
55 0.00016389999996135884 30250
60 0.00018809999994573445 36000
80 0.00028290000000197324 64000
100 0.00048040000001492444 100000
130 0.0006708999999318621 169000
160 0.0008708999999953448 256000
200 0.001133500000037202 400000
250 0.0017033000000310494 625000
350 0.00335290000009536 1225000
500 0.0076521999999386026 2500000
600 0.007676900000092246 3600000
800 0.01965290000009645 6400000
1000 0.027033100000039667 10000000
2000 0.1679046000000426 40000000
5000 2.7232919000000493 250000000
10000 17.979578500000002 1000000000

3 0.00011239999992085359 90
5 0.00010040000006483751 250
10 0.00010320000001229346 1000
12 0.00010229999998045969 1440
16 0.00011229999995521212 2560
20 0.000132799999960298 4000
30 0.0001573000000689717 9000
40 0.0002001000000291242 16000
45 0.00020690000008016796 20250
50 0.00015019999989362987 25000
55 0.00016579999999066786 30250
60 0.00018850000003567402 36000
80 0.0002598000000944012 64000
100 0.0003255000000308428 100000
130 0.0004586999999673935 169000
160 0.0006687000000056287 256000
200 0.0007741000000578424 400000
250 0.001215600000023187 625000
350 0.002504100000010112 1225000
500 0.007000199999993129 2500000
600 0.01012120000007144 3600000
800 0.022107799999957933 6400000
1000 0.044400799999948504 10000000
2000 0.18112319999988813 40000000
5000 2.7431298999999854 250000000
10000 18.295318299999963 1000000000

3 0.00011189999997895939 90
5 9.880000004613976e-05 250
10 0.0001002999999855092 1000
12 0.00011230000006889895 1440
16 0.00011979999999311985 2560
20 0.00013520000004518806 4000
30 0.00015910000001895241 9000
40 0.00017530000002352608 16000
45 0.00019930000007661874 20250
50 0.00021519999995689432 25000
55 0.00024699999994481914 30250
60 0.00020029999996040715 36000
80 0.00027760000000398577 64000
100 0.0003264999999146312 100000
130 0.0004728999999770167 169000
160 0.0006212999999206659 256000
200 0.0008473999999978332 400000
250 0.0013208999999960724 625000
350 0.002735199999960969 1225000
500 0.006041200000026947 2500000
600 0.007229300000062722 3600000
800 0.017562900000029913 6400000
1000 0.034775299999978415 10000000
2000 0.20384390000003805 40000000
5000 2.68891090000011 250000000
10000 17.6947760999999 1000000000

