3 5.6699999959164415e-05 90
5 0.00010790000010274525 250
10 4.690000014306861e-05 1000
12 4.590000003190653e-05 1440
16 5.1100000064252526e-05 2560
20 5.910000004405447e-05 4000
30 7.439999990310753e-05 9000
40 0.00010350000002290471 16000
45 9.610000006432529e-05 20250
50 0.00010480000014467805 25000
55 0.00012030000016238773 30250
60 0.00013760000001639128 36000
80 0.0002113999998982763 64000
100 0.00023759999999128922 100000
130 0.0003621999999268155 169000
160 0.00046169999995981925 256000
200 0.0010509000001093227 400000
250 0.001408999999966909 625000
350 0.0028796999999940454 1225000
500 0.005027599999948507 2500000
600 0.007884399999966263 3600000
800 0.017113799999833645 6400000
1000 0.024477899999965302 10000000
2000 0.28082740000013473 40000000
5000 2.7034531999997853 250000000
10000 18.607954600000085 1000000000

3 0.0001237000001310662 90
5 0.00010270000007039926 250
10 0.00010199999996984843 1000
12 0.000102400000059788 1440
16 0.00011779999999816937 2560
20 0.00013439999997899577 4000
30 0.00016389999996135884 9000
40 0.0001953999999386724 16000
45 0.00021479999986695475 20250
50 0.00023000000010142685 25000
55 0.00026099999990947254 30250
60 0.0002571999998508545 36000
80 0.0003640999998424377 64000
100 0.000467800000023999 100000
130 0.0006565999999565975 169000
160 0.0008749999999508873 256000
200 0.0010549000000992237 400000
250 0.0013337000000319676 625000
350 0.0026542000000517874 1225000
500 0.006009100000028411 2500000
600 0.011234300000069197 3600000
800 0.01995400000009795 6400000
1000 0.03416749999996682 10000000
2000 0.2424954999999045 40000000
5000 3.083362400000169 250000000
10000 20.439611799999966 1000000000

3 8.079999997789855e-05 90
5 7.140000002436864e-05 250
10 7.179999988693453e-05 1000
12 7.469999991371878e-05 1440
16 8.97999998414889e-05 2560
20 9.079999995265098e-05 4000
30 0.00010980000001836743 9000
40 0.00013429999989966745 16000
45 0.00014110000006439805 20250
50 0.0002448000000185857 25000
55 0.00025059999984478054 30250
60 0.00024090000010801305 36000
80 0.0003313999998226791 64000
100 0.00041590000000724103 100000
130 0.00046949999978096457 169000
160 0.0006334000001970708 256000
200 0.0009599999998499698 400000
250 0.001604400000132955 625000
350 0.002801600000111648 1225000
500 0.008134599999948477 2500000
600 0.013417499999832216 3600000
800 0.02513560000011239 6400000
1000 0.04452679999985776 10000000
2000 0.25762059999988196 40000000
5000 2.7145735999999943 250000000
10000 17.918635199999926 1000000000

3 7.670000013604295e-05 90
5 6.430000007640047e-05 250
10 6.310000003395544e-05 1000
12 6.490000009762298e-05 1440
16 6.869999992886733e-05 2560
20 7.959999993545352e-05 4000
30 9.81999999112304e-05 9000
40 0.00012050000009367068 16000
45 0.00014630000009674404 20250
50 0.0001428999999006919 25000
55 0.0001611000000139029 30250
60 0.00015389999998660642 36000
80 0.0002577000000201224 64000
100 0.0003206000001227949 100000
130 0.0004676999999446707 169000
160 0.0006493000000773463 256000
200 0.0011422999998558225 400000
250 0.0017202999999881285 625000
350 0.0033687000000099943 1225000
500 0.005917799999906492 2500000
600 0.010512500000004366 3600000
800 0.0200912000000244 6400000
1000 0.03663840000012897 10000000
2000 0.1755743999999595 40000000
5000 2.711757999999918 250000000
10000 18.674010599999974 1000000000

3 8.139999999912106e-05 90
5 7.159999995565158e-05 250
10 7.229999982882873e-05 1000
12 7.320000008803618e-05 1440
16 7.940000000417058e-05 2560
20 8.919999982026638e-05 4000
30 0.00010900000006586197 9000
40 0.00013229999990471697 16000
45 0.00013850000004822505 20250
50 0.00014349999992191442 25000
55 0.00016129999994518585 30250
60 0.00015419999999721767 36000
80 0.00037799999995513645 64000
100 0.00046530000008715433 100000
130 0.0006627000000207772 169000
160 0.0008669999999710853 256000
200 0.0008221000000503409 400000
250 0.0013300999999046326 625000
350 0.0027041999999255495 1225000
500 0.006316099999821745 2500000
600 0.011148900000080175 3600000
800 0.021208000000115135 6400000
1000 0.03027669999983118 10000000
2000 0.2168762000001152 40000000
5000 2.7307620999999926 250000000
10000 18.32356209999989 1000000000

3 7.52999999349413e-05 90
5 6.349999989652133e-05 250
10 6.280000002334418e-05 1000
12 6.309999980658176e-05 1440
16 6.869999992886733e-05 2560
20 7.940000000417058e-05 4000
30 9.990000012294331e-05 9000
40 0.00011889999996128608 16000
45 0.00013809999995828548 20250
50 0.0001417999999375752 25000
55 0.00015970000004017493 30250
60 0.00015400000006593473 36000
80 0.0002488000000084867 64000
100 0.0003355999999712367 100000
130 0.000470400000040172 169000
160 0.0006269000000429514 256000
200 0.0008093999999800872 400000
250 0.001250300000037896 625000
350 0.0026577999999517488 1225000
500 0.006786000000147396 2500000
600 0.009875599999986662 3600000
800 0.01955620000012459 6400000
1000 0.03621270000007826 10000000
2000 0.21853600000008555 40000000
5000 2.5943716000001587 250000000
10000 19.641282600000068 1000000000

3 8.589999993091624e-05 90
5 7.510000000365835e-05 250
10 6.460000008701172e-05 1000
12 6.38999999864609e-05 1440
16 7.00999999025953e-05 2560
20 8.129999991979275e-05 4000
30 0.00012939999987793271 9000
40 0.00021590000005744514 16000
45 0.00022419999982048466 20250
50 0.0002334000000701053 25000
55 0.000262999999904423 30250
60 0.00025909999999385036 36000
80 0.0004788000001099135 64000
100 0.0004812000001948036 100000
130 0.0006773000000066531 169000
160 0.0009740000000419968 256000
200 0.0012024999998629937 400000
250 0.0018450000000029831 625000
350 0.002867400000013731 1225000
500 0.0061362999999801104 2500000
600 0.007001100000024962 3600000
800 0.014057800000045972 6400000
1000 0.039468200000101206 10000000
2000 0.2338919999999689 40000000
5000 2.5309760999998616 250000000
10000 18.26524590000008 1000000000

3 7.660000005671463e-05 90
5 6.22999998540763e-05 250
10 7.140000002436864e-05 1000
12 7.179999988693453e-05 1440
16 7.989999994606478e-05 2560
20 8.909999996831175e-05 4000
30 0.00011040000003958994 9000
40 0.00012719999995169928 16000
45 0.00014009999995323597 20250
50 0.00015159999998104468 25000
55 0.0001690000001417502 30250
60 0.00016300000015689875 36000
80 0.0002526000000671047 64000
100 0.000326500000028318 100000
130 0.000465200000007826 169000
160 0.0006315999999060296 256000
200 0.0007727000001978013 400000
250 0.0013627999999243912 625000
350 0.002547399999912159 1225000
500 0.004977900000085356 2500000
600 0.009618499999987762 3600000
800 0.014144699999860677 6400000
1000 0.036822499999971114 10000000
2000 0.18597520000002987 40000000
5000 2.705933899999991 250000000
10000 18.683790399999907 1000000000

3 0.00011959999983446323 90
5 0.00010149999980058055 250
10 0.00011510000013004174 1000
12 0.00010380000003351597 1440
16 0.00011549999999260763 2560
20 0.00013139999964550952 4000
30 0.00016460000006190967 9000
40 0.00019569999994928367 16000
45 0.0002140999999937776 20250
50 0.00023509999982707086 25000
55 0.00025879999975586543 30250
60 0.0002598000000944012 36000
80 0.00037190000011833035 64000
100 0.0004656000000977656 100000
130 0.0006644000000051165 169000
160 0.0008778999999776715 256000
200 0.0011306000001241046 400000
250 0.0017634999999245338 625000
350 0.002747699999872566 1225000
500 0.005962799999906565 2500000
600 0.011807299999873067 3600000
800 0.022047099999781494 6400000
1000 0.03671260000010079 10000000
2000 0.1942192999999861 40000000
5000 2.6284574999999677 250000000
10000 18.87931899999967 1000000000

3 7.780000032653334e-05 90
5 6.359999997584964e-05 250
10 6.259999963731389e-05 1000
12 6.239999993340462e-05 1440
16 6.91000000188069e-05 2560
20 7.950000008349889e-05 4000
30 0.0001021999996737577 9000
40 0.00011799999992945231 16000
45 0.00013269999999465654 20250
50 0.00014210000017556013 25000
55 0.00016449999975520768 30250
60 0.00015280000025086338 36000
80 0.0002542000001994893 64000
100 0.0003168999996887578 100000
130 0.0005031999999118852 169000
160 0.0006134999998721469 256000
200 0.0008049000002756657 400000
250 0.0013945000000603613 625000
350 0.0026887999997597944 1225000
500 0.0060930999998163315 2500000
600 0.00938289999976405 3600000
800 0.0204291000000012 6400000
1000 0.036451900000429305 10000000
2000 0.19098470000017187 40000000
5000 2.752339900000152 250000000
10000 18.308305999999902 1000000000

