3 5.949999990662036e-05 144
5 4.899999998997373e-05 400
10 0.00012859999992542726 1600
12 6.359999997584964e-05 2304
16 5.369999985305185e-05 4096
20 6.299999995462713e-05 6400
30 7.52999999349413e-05 14400
40 8.739999998397252e-05 25600
45 9.569999997438572e-05 32400
50 0.0001029000000016822 40000
55 0.00011489999997138511 48400
60 0.00013439999997899577 57600
80 0.00027199999999538704 102400
100 0.00031310000008488714 160000
130 0.00046760000009271607 270400
160 0.0005971000000499771 409600
200 0.0007912000000942498 640000
250 0.0010416000000077474 1000000
350 0.0025092000000768167 1960000
500 0.005509800000027099 4000000
600 0.007372199999963414 5760000
800 0.016563700000006065 10240000
1000 0.03319699999997283 16000000
2000 0.19584050000003117 64000000
5000 2.8517930000000433 400000000
10000 19.079726200000096 1600000000

3 0.00012449999985619797 144
5 0.000107600000092134 400
10 0.00010320000001229346 1600
12 0.00010259999999107094 2304
16 0.00011360000007698545 4096
20 0.0001307999998516607 6400
30 0.0001611000000139029 14400
40 0.00019959999985985633 25600
45 0.0002054000001407985 32400
50 0.00022160000003168534 40000
55 0.000241100000039296 48400
60 0.0002731999998104584 57600
80 0.0003297999999176682 102400
100 0.00039089999995667313 160000
130 0.0005328999998255313 270400
160 0.0006899999998495332 409600
200 0.0009617999999136373 640000
250 0.0012802000001101987 1000000
350 0.0026994999998350977 1960000
500 0.005926900000076785 4000000
600 0.008790599999883852 5760000
800 0.019257400000014968 10240000
1000 0.038741300000083356 16000000
2000 0.21597730000007687 64000000
5000 2.7257300000001123 400000000
10000 18.667089600000054 1600000000

3 0.00012349999997240957 144
5 0.00010440000005473848 400
10 0.00010370000018156134 1600
12 0.00010280000014972757 2304
16 0.0001216000000567874 4096
20 0.0001288999999360385 6400
30 0.0001586000000770582 14400
40 0.00018640000007508206 25600
45 0.0002025999999659689 32400
50 0.00017350000007354538 40000
55 0.0001502000000073167 48400
60 0.00017650000017965795 57600
80 0.00024749999988671334 102400
100 0.0002899999999499414 160000
130 0.00039199999991978984 270400
160 0.0005303999998886866 409600
200 0.0007437000001573324 640000
250 0.0009987000000819535 1000000
350 0.002219100000047547 1960000
500 0.0055179999999381835 4000000
600 0.006178399999953399 5760000
800 0.013301299999966432 10240000
1000 0.03778029999989485 16000000
2000 0.1883700000000772 64000000
5000 2.637697100000196 400000000
10000 19.438721500000156 1600000000

3 0.00012300000003051537 144
5 0.00010310000016033882 400
10 0.0001029000000016822 1600
12 0.00010209999982180307 2304
16 0.00011109999991276709 4096
20 0.0001283999999941443 6400
30 0.00015940000002956367 14400
40 0.00018310000018573191 25600
45 0.0002028000001246255 32400
50 0.0002160999999887281 40000
55 0.0002401000001555076 48400
60 0.0002832000000125845 57600
80 0.0003394000000298547 102400
100 0.0003907999998773448 160000
130 0.0005292999999255699 270400
160 0.0007630999998582411 409600
200 0.0009918999999172229 640000
250 0.001297000000022308 1000000
350 0.00273309999988669 1960000
500 0.006621300000006158 4000000
600 0.008849299999837967 5760000
800 0.018576599999960308 10240000
1000 0.03813710000008541 16000000
2000 0.21994059999997262 64000000
5000 2.8305406000001767 400000000
10000 18.36090000000013 1600000000

3 0.00012339999989308126 144
5 0.00010350000002290471 400
10 0.0001029000000016822 1600
12 0.00010560000009718351 2304
16 0.00011289999997643463 4096
20 0.0001283999999941443 6400
30 0.00016319999986080802 14400
40 0.00018260000001646404 25600
45 0.00020449999988159107 32400
50 0.00021779999997306732 40000
55 0.00024149999990186188 48400
60 0.00027939999995396647 57600
80 0.00036449999993237725 102400
100 0.0004286999999294494 160000
130 0.0005529999998543644 270400
160 0.0007393000000774919 409600
200 0.0009536000000025524 640000
250 0.0013042000000496046 1000000
350 0.002786900000046444 1960000
500 0.00667650000013964 4000000
600 0.010617400000000998 5760000
800 0.01711620000014591 10240000
1000 0.0371588000000429 16000000
2000 0.2294260999999551 64000000
5000 2.7927608999998483 400000000
10000 17.310790300000008 1600000000

3 6.580000012945675e-05 144
5 5.239999995865219e-05 400
10 5.119999991620716e-05 1600
12 5.1100000064252526e-05 2304
16 5.699999996977567e-05 4096
20 6.540000003951718e-05 6400
30 7.970000001478184e-05 14400
40 9.419999992132944e-05 25600
45 0.00010279999992235389 32400
50 0.00011010000002897868 40000
55 0.0001243000001522887 48400
60 0.0001443999999537482 57600
80 0.00021190000006754417 102400
100 0.00024600000006103073 160000
130 0.000360199999931865 270400
160 0.00045610000006490736 409600
200 0.0006619999999202264 640000
250 0.0009652999999616441 1000000
350 0.002044500000010885 1960000
500 0.005587699999978213 4000000
600 0.009564899999986665 5760000
800 0.014892299999928582 10240000
1000 0.022990700000036668 16000000
2000 0.16609230000017305 64000000
5000 2.491449300000113 400000000
10000 17.810834899999918 1600000000

3 0.00010610000003907771 144
5 8.48000001951732e-05 400
10 8.419999994657701e-05 1600
12 8.40999998672487e-05 2304
16 9.909999994306418e-05 4096
20 6.770000004507892e-05 6400
30 7.88999998349027e-05 14400
40 9.279999994760146e-05 25600
45 0.00010150000002795423 32400
50 0.00010969999993903912 40000
55 0.0001242000000729604 48400
60 0.0001422999998794694 57600
80 0.00019629999997050618 102400
100 0.00023729999998067797 160000
130 0.0003284000001713139 270400
160 0.0004593999999542575 409600
200 0.0006617999999889435 640000
250 0.0009010000001126173 1000000
350 0.002009700000144221 1960000
500 0.005704900000182533 4000000
600 0.007704200000034689 5760000
800 0.0201348999999027 10240000
1000 0.03595080000013695 16000000
2000 0.2049793999999565 64000000
5000 2.5896324000000277 400000000
10000 19.48599409999997 1600000000

3 0.0001059999999597494 144
5 8.759999991525547e-05 400
10 8.759999991525547e-05 1600
12 8.63000000208558e-05 2304
16 9.400000021742017e-05 4096
20 0.00010870000005525071 6400
30 0.000138699999979508 14400
40 0.000141299999995681 25600
45 0.00011039999981221627 32400
50 0.00012469999978748092 40000
55 0.0001336000000264903 48400
60 0.00015289999987544434 57600
80 0.00021839999999428983 102400
100 0.00026800000000548607 160000
130 0.0003429999999298161 270400
160 0.0004685999999765045 409600
200 0.000689499999907639 640000
250 0.0009236999999302498 1000000
350 0.002015699999901699 1960000
500 0.005082800000081988 4000000
600 0.009313199999951394 5760000
800 0.020186400000056892 10240000
1000 0.036559299999908035 16000000
2000 0.18556089999992764 64000000
5000 2.7186951000001045 400000000
10000 20.10310030000005 1600000000

3 0.00010590000010779477 144
5 8.860000002641755e-05 400
10 8.769999999458378e-05 1600
12 8.729999990464421e-05 2304
16 9.610000006432529e-05 4096
20 0.00010970000016641279 6400
30 0.0001417999999375752 14400
40 0.00015880000000834116 25600
45 0.00017280000020036823 32400
50 0.00018780000004881003 40000
55 0.00020499999982348527 48400
60 0.00023319999991144869 57600
80 0.00028980000001865847 102400
100 0.00033400000006622577 160000
130 0.000488600000153383 270400
160 0.000629900000149064 409600
200 0.0008405000000948348 640000
250 0.0011845999999877677 1000000
350 0.0017515000001822045 1960000
500 0.0038053999999192456 4000000
600 0.00833890000012616 5760000
800 0.015428899999960777 10240000
1000 0.028292200000123557 16000000
2000 0.2124220000000605 64000000
5000 2.6501246000000265 400000000
10000 20.187167000000045 1600000000

3 6.510000002890592e-05 144
5 5.25000000379805e-05 400
10 5.390000001170847e-05 1600
12 5.120000014358084e-05 2304
16 5.60999999379419e-05 4096
20 6.490000009762298e-05 6400
30 7.909999999355932e-05 14400
40 9.120000004259055e-05 25600
45 0.00010059999999612046 32400
50 0.0001090999999178166 40000
55 0.00012300000003051537 48400
60 0.00014459999988503114 57600
80 0.00020219999987602932 102400
100 0.00035530000013750396 160000
130 0.00032620000001770677 270400
160 0.0004506000000219501 409600
200 0.0006410999999388878 640000
250 0.0013210000001890876 1000000
350 0.002430899999808389 1960000
500 0.00544779999995626 4000000
600 0.008308200000101351 5760000
800 0.019715399999995498 10240000
1000 0.03754460000004656 16000000
2000 0.23802599999999074 64000000
5000 2.9833523999998306 400000000
10000 21.45883889999982 1600000000

