3 8.77999999993051e-05 144
5 5.210000000133164e-05 400
10 5.1000000002687784e-05 1600
12 4.930000000058499e-05 2304
16 8.500000000211116e-05 4096
20 6.85000000011371e-05 6400
30 8.38999999999146e-05 14400
40 8.790000000047371e-05 25600
45 0.00014549999999857732 32400
50 0.00018260000000225318 40000
55 0.0001335999999980686 48400
60 0.00013429999999914344 57600
80 0.00023720000000082564 102400
100 0.00025249999999843453 160000
130 0.0003410000000023672 270400
160 0.0003914999999992119 409600
200 0.0005773999999973967 640000
250 0.000794300000002579 1000000
350 0.0024085999999989838 1960000
500 0.005166899999998975 4000000
600 0.008164799999999417 5760000
800 0.015988100000001282 10240000
1000 0.030054199999998588 16000000
2000 0.20988439999999997 64000000
5000 2.4042500999999987 400000000
10000 16.863639400000004 1600000000

3 8.239999999659631e-05 144
5 7.779999999968368e-05 400
10 7.240000000763303e-05 1600
12 7.22000000052958e-05 2304
16 7.77000000056205e-05 4096
20 8.92000000050075e-05 6400
30 0.00010760000000686887 14400
40 0.0001220999999986816 25600
45 0.00013470000000381788 32400
50 0.00014570000000446726 40000
55 0.00015810000000726632 48400
60 0.00018040000000496548 57600
80 0.00023310000000265063 102400
100 0.0002986000000078093 160000
130 0.00041739999998924304 270400
160 0.0004992000000072494 409600
200 0.0006920000000008031 640000
250 0.0011635000000040918 1000000
350 0.0019546000000048025 1960000
500 0.004126100000007682 4000000
600 0.006308200000006536 5760000
800 0.01331789999998989 10240000
1000 0.036433399999992844 16000000
2000 0.21289620000000298 64000000
5000 2.521950899999993 400000000
10000 19.378547799999993 1600000000

3 8.440000000575765e-05 144
5 7.31999999885602e-05 400
10 7.329999999683423e-05 1600
12 7.320000000277105e-05 2304
16 7.920000000183336e-05 4096
20 9.070000000122036e-05 6400
30 0.00010790000000326927 14400
40 0.00012779999998713265 25600
45 0.00014020000000414257 32400
50 0.00014529999999979282 40000
55 0.00015289999998913117 48400
60 0.00017429999999762913 57600
80 0.00022789999999872634 102400
100 0.0002630999999979622 160000
130 0.0003947000000010803 270400
160 0.00045090000000413966 409600
200 0.000694299999992154 640000
250 0.0009529000000014776 1000000
350 0.0019036999999997306 1960000
500 0.004082400000001485 4000000
600 0.008509899999992854 5760000
800 0.016987599999993108 10240000
1000 0.03496100000000979 16000000
2000 0.2175294999999977 64000000
5000 2.8344723000000016 400000000
10000 19.531124799999986 1600000000

3 0.00015369999999848005 144
5 0.00013529999998240783 400
10 0.0001373999999998432 1600
12 0.0001393999999947937 2304
16 0.00014799999999581814 4096
20 0.00017029999997930645 6400
30 0.00021240000000943837 14400
40 0.0002006999999935033 25600
45 0.00020680000000083965 32400
50 0.0002338999999835778 40000
55 0.00030660000001603294 48400
60 0.00019030000001407643 57600
80 0.0002351999999916643 102400
100 0.0002778999999861753 160000
130 0.0004193999999984044 270400
160 0.000530900000001111 409600
200 0.0007084999999733554 640000
250 0.0012824000000080105 1000000
350 0.003121400000026142 1960000
500 0.007118300000001909 4000000
600 0.009959399999985408 5760000
800 0.013306400000004714 10240000
1000 0.03170509999998217 16000000
2000 0.20462720000000445 64000000
5000 3.0957658000000094 400000000
10000 18.64453549999999 1600000000

3 8.040000000164582e-05 144
5 7.229999999935899e-05 400
10 7.300000001464468e-05 1600
12 7.310000000870787e-05 2304
16 7.72999999867352e-05 4096
20 8.980000001201915e-05 6400
30 0.00010689999999158317 14400
40 0.00012359999999489446 25600
45 0.00013920000000666732 32400
50 0.00014400000000591717 40000
55 0.00016020000001049084 48400
60 0.0001828000000045904 57600
80 0.00022850000001994886 102400
100 0.0004473999999845546 160000
130 0.0005350000000134969 270400
160 0.0006444000000271899 409600
200 0.0008674999999982447 640000
250 0.0010844999999903848 1000000
350 0.002339700000021594 1960000
500 0.005916299999995545 4000000
600 0.009845699999999624 5760000
800 0.01732269999999403 10240000
1000 0.034467299999988654 16000000
2000 0.1811550999999838 64000000
5000 2.8108502999999985 400000000
10000 18.282930300000004 1600000000

3 0.00011480000000574364 144
5 0.00010070000001860535 400
10 0.00010509999998475905 1600
12 0.00010169999998765888 2304
16 0.0001105999999992946 4096
20 0.0001278000000013435 6400
30 0.0001514999999869815 14400
40 0.00016260000001011576 25600
45 0.00013500000000021828 32400
50 0.00014519999999151878 40000
55 0.00016780000001404005 48400
60 0.00017670000002567576 57600
80 0.00028849999998215026 102400
100 0.0002767000000005737 160000
130 0.0004225999999789565 270400
160 0.0004993000000013126 409600
200 0.0007087000000183252 640000
250 0.0011168999999995322 1000000
350 0.002991799999989553 1960000
500 0.0065636999999867385 4000000
600 0.00906890000001681 5760000
800 0.019781399999999394 10240000
1000 0.04084550000001741 16000000
2000 0.20138059999999314 64000000
5000 2.768572599999999 400000000
10000 18.57116480000002 1600000000

3 8.229999997411142e-05 144
5 7.240000002184388e-05 400
10 7.799999997359919e-05 1600
12 7.21999999768741e-05 2304
16 7.85999999948217e-05 4096
20 8.850000000393266e-05 6400
30 0.00010620000000471919 14400
40 0.00012309999999615684 25600
45 0.00013500000000021828 32400
50 0.00014859999998861895 40000
55 0.00016030000000455402 48400
60 0.000182099999960883 57600
80 0.00023640000000568762 102400
100 0.00028029999998580024 160000
130 0.00041829999997844425 270400
160 0.0004900999999790656 409600
200 0.0007626999999956752 640000
250 0.0010820999999623382 1000000
350 0.0023427000000424414 1960000
500 0.0061092999999914355 4000000
600 0.008750500000019201 5760000
800 0.01333399999998619 10240000
1000 0.02523550000000796 16000000
2000 0.1653223000000139 64000000
5000 2.653812500000015 400000000
10000 19.26572440000001 1600000000

3 0.00014299999998002022 144
5 0.00012229999998680796 400
10 0.00010999999994965037 1600
12 0.00011030000001710505 2304
16 0.00011660000001256776 4096
20 0.0001411999999731961 6400
30 0.00016780000004246176 14400
40 0.00018870000002380038 25600
45 0.00020869999997330524 32400
50 0.00022089999998797794 40000
55 0.00024439999998548956 48400
60 0.00028079999998453786 57600
80 0.0003419000000235428 102400
100 0.0003895000000397886 160000
130 0.0005714000000125452 270400
160 0.0006661999999550972 409600
200 0.0009165000000166401 640000
250 0.001511999999991076 1000000
350 0.0027590999999915766 1960000
500 0.005384900000024118 4000000
600 0.00877420000000484 5760000
800 0.01880319999997937 10240000
1000 0.032383699999968485 16000000
2000 0.19402469999999994 64000000
5000 2.7520721999999864 400000000
10000 18.771079999999984 1600000000

3 0.00013069999999970605 144
5 0.00010509999998475905 400
10 0.00011210000002392917 1600
12 0.00010249999996858605 2304
16 0.00011189999997895939 4096
20 0.00013069999999970605 6400
30 0.00015539999998281928 14400
40 0.0001833999999689695 25600
45 0.00020089999998162966 32400
50 0.00021579999997811683 40000
55 0.0002395999999862397 48400
60 0.0002722000000403568 57600
80 0.00034160000001293156 102400
100 0.00038570000003801397 160000
130 0.0005717999999887979 270400
160 0.0006751000000235763 409600
200 0.0009155999999848063 640000
250 0.001393699999994169 1000000
350 0.002391099999954349 1960000
500 0.005498699999975543 4000000
600 0.00674820000000409 5760000
800 0.013190599999973074 10240000
1000 0.02532650000000558 16000000
2000 0.1943521999999689 64000000
5000 2.844947300000001 400000000
10000 18.288977499999987 1600000000

3 7.840000000669534e-05 144
5 6.730000001198277e-05 400
10 6.310000003395544e-05 1600
12 7.190000002310626e-05 2304
16 7.840000000669534e-05 4096
20 8.759999997209889e-05 6400
30 0.00010539999999537031 14400
40 0.00012440000000424334 25600
45 0.00013330000001587905 32400
50 0.00014339999995627295 40000
55 0.00015890000003082605 48400
60 0.00018110000002025117 57600
80 0.000227399999971567 102400
100 0.00027210000001787193 160000
130 0.0004046999999900436 270400
160 0.0004883999999947264 409600
200 0.00069589999998243 640000
250 0.0010712000000125954 1000000
350 0.0023955000000341897 1960000
500 0.005693699999994806 4000000
600 0.008919800000001032 5760000
800 0.013590700000008837 10240000
1000 0.03506989999999632 16000000
2000 0.21476020000000062 64000000
5000 2.79832719999996 400000000
10000 18.258241800000008 1600000000

