3 4.399999999998849e-05 72
5 1.4000000000000123e-05 200
10 5.7200000000007245e-05 800
12 1.759999999999262e-05 1152
16 2.2700000000000498e-05 2048
20 6.779999999999287e-05 3200
30 0.00010689999999999311 7200
40 0.00010229999999999961 12800
45 6.570000000000187e-05 16200
50 9.080000000000199e-05 20000
55 7.970000000001587e-05 24200
60 0.00010179999999998524 28800
80 0.00019520000000000648 51200
100 0.00022160000000001623 80000
130 0.00044700000000000295 135200
160 0.0006289999999999907 204800
200 0.0009338999999999875 320000
250 0.0021023000000000014 500000
350 0.005393899999999979 980000
500 0.010751900000000009 2000000
600 0.018164600000000003 2880000
800 0.03185530000000003 5120000
1000 0.06156680000000003 8000000
2000 0.35708930000000005 32000000
5000 3.2750821000000006 200000000
10000 24.5390581 800000000

3 1.589999999396241e-05 72
5 1.100000000064938e-05 200
10 1.639999999980546e-05 800
12 1.54999999963934e-05 1152
16 2.4599999996155475e-05 2048
20 2.5600000000736145e-05 3200
30 4.0999999995960934e-05 7200
40 5.209999999777892e-05 12800
45 5.800000000277805e-05 16200
50 6.429999999824076e-05 20000
55 7.190000000178998e-05 24200
60 7.6399999997534e-05 28800
80 0.00014279999999899928 51200
100 0.0001962999999989279 80000
130 0.0004562999999961903 135200
160 0.0006434000000012929 204800
200 0.000887900000002162 320000
250 0.0026781000000042354 500000
350 0.004628900000000158 980000
500 0.01145700000000005 2000000
600 0.018160500000000468 2880000
800 0.03729420000000516 5120000
1000 0.0647789000000003 8000000
2000 0.3644983999999951 32000000
5000 3.4135398000000023 200000000
10000 23.939705200000006 800000000

3 1.670000000331129e-05 72
5 1.1599999993450183e-05 200
10 2.0599999999149077e-05 800
12 1.539999999522479e-05 1152
16 2.3299999995174403e-05 2048
20 2.5300000004335743e-05 3200
30 3.960000000802211e-05 7200
40 4.999999998744897e-05 12800
45 5.69000000041342e-05 16200
50 6.809999999290994e-05 20000
55 7.159999999828415e-05 24200
60 7.599999999285956e-05 28800
80 0.00014029999999820575 51200
100 0.0001856999999887421 80000
130 0.0004533000000037646 135200
160 0.000629399999994007 204800
200 0.0009008999999906564 320000
250 0.0026167999999984204 500000
350 0.005782799999991539 980000
500 0.010453900000001681 2000000
600 0.01803160000000048 2880000
800 0.036594700000009084 5120000
1000 0.06387300000000096 8000000
2000 0.3664739000000026 32000000
5000 3.5187798000000043 200000000
10000 23.606517800000006 800000000

3 1.629999999863685e-05 72
5 1.1200000017197453e-05 200
10 1.6500000015184924e-05 800
12 1.539999999522479e-05 1152
16 2.739999999334941e-05 2048
20 2.509999998778767e-05 3200
30 4.359999999792308e-05 7200
40 5.020000000399705e-05 12800
45 5.739999997445011e-05 16200
50 6.339999998772328e-05 20000
55 7.150000001843182e-05 24200
60 7.590000001300723e-05 28800
80 0.00014290000001437875 51200
100 0.00018500000001608896 80000
130 0.0004571000000055392 135200
160 0.0006348000000002685 204800
200 0.0008903000000088923 320000
250 0.002615800000000945 500000
350 0.005736399999989317 980000
500 0.01190520000000106 2000000
600 0.01723599999999692 2880000
800 0.03569790000000239 5120000
1000 0.06426110000001017 8000000
2000 0.3722927000000027 32000000
5000 3.3570069999999816 200000000
10000 25.11174120000001 800000000

3 1.679999999737447e-05 72
5 1.1599999993450183e-05 200
10 1.760000000672335e-05 800
12 1.5300000001161607e-05 1152
16 2.2599999994099562e-05 2048
20 2.5500000020883817e-05 3200
30 4.069999999956053e-05 7200
40 5.029999999806023e-05 12800
45 5.7099999992260564e-05 16200
50 6.390000001488261e-05 20000
55 7.619999999519678e-05 24200
60 0.00013530000001082954 28800
80 0.00014389999998343228 51200
100 0.00018180000000711516 80000
130 0.0004370999999991909 135200
160 0.0006392999999889071 204800
200 0.0008932999999728963 320000
250 0.002376499999996895 500000
350 0.005573400000002948 980000
500 0.010459400000002006 2000000
600 0.017738800000017818 2880000
800 0.03730490000000941 5120000
1000 0.06516740000000709 8000000
2000 0.3918901000000119 32000000
5000 3.363659900000016 200000000
10000 23.566244600000005 800000000

3 1.579999997147752e-05 72
5 1.0900000006586197e-05 200
10 1.670000000331129e-05 800
12 1.7799999966428004e-05 1152
16 2.3999999996249244e-05 2048
20 2.5800000003073364e-05 3200
30 3.839999999399879e-05 7200
40 5.0100000009933865e-05 12800
45 5.659999999352294e-05 16200
50 6.489999998393614e-05 20000
55 7.060000001501976e-05 24200
60 7.509999994681493e-05 28800
80 0.0001457000000186781 51200
100 0.0001804000000333872 80000
130 0.00045170000004191024 135200
160 0.0006299000000353772 204800
200 0.0010058000000299216 320000
250 0.002569499999992786 500000
350 0.005548200000021097 980000
500 0.010451100000011593 2000000
600 0.017468899999983023 2880000
800 0.03637989999998581 5120000
1000 0.06434579999995549 8000000
2000 0.36467579999998634 32000000
5000 3.38225970000002 200000000
10000 27.948961800000006 800000000

3 1.670000000331129e-05 72
5 1.1299999982838926e-05 200
10 1.6399999992700032e-05 800
12 1.5099999984613532e-05 1152
16 2.2800000010647636e-05 2048
20 2.5300000004335743e-05 3200
30 3.929999996898914e-05 7200
40 5.0100000009933865e-05 12800
45 5.640000000539658e-05 16200
50 6.260000003521782e-05 20000
55 7.529999999178472e-05 24200
60 7.59999999786487e-05 28800
80 0.00014349999997875784 51200
100 0.00018900000003441164 80000
130 0.00045990000000983855 135200
160 0.0006323999999722218 204800
200 0.0009586999999555701 320000
250 0.002399700000012217 500000
350 0.005638999999973748 980000
500 0.01004750000004151 2000000
600 0.01785669999998163 2880000
800 0.0366846999999666 5120000
1000 0.06443840000002865 8000000
2000 0.4057617999999934 32000000
5000 4.617871400000013 200000000
10000 36.03601430000003 800000000

3 6.669999999076026e-05 72
5 4.03000000233078e-05 200
10 5.529999998543644e-05 800
12 5.440000001044609e-05 1152
16 6.999999999379725e-05 2048
20 6.690000003573005e-05 3200
30 0.00010920000005398833 7200
40 0.00010480000003099121 12800
45 0.00011270000004515168 16200
50 0.00012490000000298096 20000
55 0.00013519999998834464 24200
60 0.00021099999997886698 28800
80 0.0003017999999883614 51200
100 0.0003408000000035827 80000
130 0.0004594999999767424 135200
160 0.0008346999999844229 204800
200 0.0009417999999641324 320000
250 0.002906499999994594 500000
350 0.006109300000048279 980000
500 0.011378000000036081 2000000
600 0.018137099999989914 2880000
800 0.03748530000001438 5120000
1000 0.06681140000000596 8000000
2000 0.41642860000001747 32000000
5000 4.350445500000035 200000000
10000 28.539517400000022 800000000

3 2.1799999956328975e-05 72
5 1.500000001897206e-05 200
10 2.0399999982601003e-05 800
12 1.9800000018221908e-05 1152
16 2.8999999983625457e-05 2048
20 0.00010879999996404877 3200
30 0.00010620000000471919 7200
40 0.00014099999998506973 12800
45 0.0001298000000247157 16200
50 0.00012419999995927355 20000
55 0.00013579999995272374 24200
60 0.00012509999999110732 28800
80 0.00031620000004295434 51200
100 0.0003752000000076805 80000
130 0.0005711999999675754 135200
160 0.002268300000025647 204800
200 0.0010946999999532636 320000
250 0.0026540000000068176 500000
350 0.005903499999988071 980000
500 0.010353199999997287 2000000
600 0.01740609999995968 2880000
800 0.03701869999997598 5120000
1000 0.06585360000002538 8000000
2000 0.43549849999999424 32000000
5000 4.4067218999999795 200000000
10000 24.72950960000003 800000000

3 3.4599999935380765e-05 72
5 1.550000001770968e-05 200
10 2.0399999925757584e-05 800
12 1.9700000052580435e-05 1152
16 2.779999999802385e-05 2048
20 3.8099999983387534e-05 3200
30 4.539999997632549e-05 7200
40 0.00015590000009524374 12800
45 0.00014609999993808742 16200
50 8.01000001047214e-05 20000
55 8.509999997841078e-05 24200
60 8.509999997841078e-05 28800
80 0.00017470000000230357 51200
100 0.00022520000004533358 80000
130 0.0019833000000062384 135200
160 0.0007245999998986008 204800
200 0.0011733999999705702 320000
250 0.002729299999941759 500000
350 0.0060317999999597305 980000
500 0.010793199999966419 2000000
600 0.018744699999956538 2880000
800 0.036871099999984835 5120000
1000 0.06609720000005836 8000000
2000 0.36196029999996426 32000000
5000 3.5389231999999993 200000000
10000 24.6820917 800000000

