3 9.680000005118927e-05 72
5 5.0999999984924216e-05 200
10 4.950000004555477e-05 800
12 4.759999990255892e-05 1152
16 7.770000001983135e-05 2048
20 6.38999999864609e-05 3200
30 7.149999999001011e-05 7200
40 7.990000005975162e-05 12800
45 8.839999998144776e-05 16200
50 9.499999998752173e-05 20000
55 0.00010580000002846646 24200
60 0.00010919999999714491 28800
80 0.00017810000008466886 51200
100 0.00020440000002963643 80000
130 0.00030990000004749163 135200
160 0.00039709999998649437 204800
200 0.00046320000001287553 320000
250 0.0006684999999606589 500000
350 0.0011824000000615342 980000
500 0.0027843999999959124 2000000
600 0.0030272000000195476 2880000
800 0.008109500000045955 5120000
1000 0.018264799999997194 8000000
2000 0.08739040000000386 32000000
5000 1.431024500000035 200000000
10000 10.26694109999994 800000000

3 0.00013259999991532823 72
5 0.00011319999998704589 200
10 0.00011019999999462016 800
12 0.00011019999999462016 1152
16 0.00012440000000424334 2048
20 0.00014009999995323597 3200
30 0.00016149999999015563 7200
40 0.00018560000000888977 12800
45 0.00020070000005034672 16200
50 0.0002258000000665561 20000
55 0.0002356999999619802 24200
60 0.0002461000000266722 28800
80 0.0002971999999772379 51200
100 0.00037610000003951427 80000
130 0.0005170000000589425 135200
160 0.0005457000000888002 204800
200 0.0007914000000255328 320000
250 0.0010608000000047468 500000
350 0.0019105000000081418 980000
500 0.0033650000000307045 2000000
600 0.005061599999976352 2880000
800 0.009842600000069979 5120000
1000 0.017398299999968003 8000000
2000 0.11220360000004348 32000000
5000 1.3709860999999819 200000000
10000 9.633119700000066 800000000

3 9.099999999762076e-05 72
5 7.760000005418988e-05 200
10 7.65999999430278e-05 800
12 7.569999991119403e-05 1152
16 7.900000002791785e-05 2048
20 0.00015240000004723697 3200
30 0.0001615999999557971 7200
40 0.0001829000000270753 12800
45 0.00020139999992352386 16200
50 0.0002160000000230866 20000
55 0.00023060000000896252 24200
60 0.00024189999999180145 28800
80 0.00032060000000910804 51200
100 0.00041109999995114777 80000
130 0.000366099999951075 135200
160 0.00043520000008356874 204800
200 0.0005859999999984211 320000
250 0.0008071000000882123 500000
350 0.001575600000023769 980000
500 0.0025468999999702646 2000000
600 0.004899700000009943 2880000
800 0.009916199999906894 5120000
1000 0.021060300000044663 8000000
2000 0.12147170000002916 32000000
5000 1.5267994999999246 200000000
10000 10.131840699999998 800000000

3 8.790000003955356e-05 72
5 7.879999998294807e-05 200
10 8.769999999458378e-05 800
12 7.08999999687876e-05 1152
16 7.940000000417058e-05 2048
20 8.609999997588602e-05 3200
30 0.000102400000059788 7200
40 0.00010829999996531114 12800
45 0.00012349999997240957 16200
50 0.00013010000009217038 20000
55 0.0001436999999668842 24200
60 0.00015050000001792796 28800
80 0.00021870000000490109 51200
100 0.00025519999996959086 80000
130 0.0003517000000101689 135200
160 0.0004275000000006912 204800
200 0.0005827999999610256 320000
250 0.0008427000000210683 500000
350 0.0015826999999717373 980000
500 0.00404660000003787 2000000
600 0.005982099999982893 2880000
800 0.010997599999996055 5120000
1000 0.019867900000008376 8000000
2000 0.09578810000004978 32000000
5000 1.3506618000000117 200000000
10000 9.64010780000001 800000000

3 0.00013740000008510833 72
5 0.00011399999993955134 200
10 0.00011480000011943048 800
12 0.00011079999990215583 1152
16 0.00012399999991430377 2048
20 0.0001409000001331151 3200
30 0.00016249999998763087 7200
40 0.00019129999986944313 12800
45 0.00020689999996648112 16200
50 0.0002641000000949134 20000
55 0.00016219999997701962 24200
60 0.00016329999994013633 28800
80 0.00023370000008071656 51200
100 0.00027929999987463816 80000
130 0.00036969999996472325 135200
160 0.00048509999987800256 204800
200 0.0005800999999792111 320000
250 0.0008167999999386666 500000
350 0.001602899999852525 980000
500 0.0032519999999749416 2000000
600 0.004992099999981292 2880000
800 0.007138700000041354 5120000
1000 0.015623499999946944 8000000
2000 0.10096819999989748 32000000
5000 1.4743579999999383 200000000
10000 9.611274899999898 800000000

3 8.470000011584489e-05 72
5 6.890000008752395e-05 200
10 6.629999984397728e-05 800
12 6.580000012945675e-05 1152
16 7.609999988744676e-05 2048
20 8.770000022195745e-05 3200
30 9.719999980006833e-05 7200
40 0.00010789999987537158 12800
45 0.00012399999991430377 16200
50 0.00012999999989915523 20000
55 0.00014320000013867684 24200
60 0.00014860000010230578 28800
80 0.00021470000001500011 51200
100 0.000254100000120161 80000
130 0.00035049999996772385 135200
160 0.00042789999997694395 204800
200 0.0007121999999526452 320000
250 0.0008012000000690023 500000
350 0.0014710000000377477 980000
500 0.00305819999994128 2000000
600 0.0053714999999101565 2880000
800 0.010021700000152123 5120000
1000 0.020254199999953926 8000000
2000 0.12400899999988724 32000000
5000 1.421817800000099 200000000
10000 10.637347999999974 800000000

3 8.699999989403295e-05 72
5 7.120000009308569e-05 200
10 6.69999999445281e-05 800
12 6.619999999202264e-05 1152
16 7.819999996172555e-05 2048
20 8.610000008957286e-05 3200
30 9.840000006988703e-05 7200
40 0.00010910000014519028 12800
45 0.00012710000009974465 16200
50 0.00013060000014775142 20000
55 0.00023620000001756125 24200
60 0.00014979999991737714 28800
80 0.00021530000003622263 51200
100 0.00034800000003087916 80000
130 0.0003543999998782965 135200
160 0.00043170000003556197 204800
200 0.000581699999884222 320000
250 0.0008640000000923465 500000
350 0.0017410999998901389 980000
500 0.0035165999997843755 2000000
600 0.005710299999918789 2880000
800 0.009783300000208328 5120000
1000 0.012846800000033909 8000000
2000 0.10585309999987658 32000000
5000 1.3344184000000041 200000000
10000 9.816249699999844 800000000

3 0.00013059999992037774 72
5 0.00010980000001836743 200
10 0.00011339999991832883 800
12 0.00010780000002341694 1152
16 0.00012399999991430377 2048
20 0.00014569999984814785 3200
30 0.00016249999998763087 7200
40 0.00018299999987902993 12800
45 0.00020179999978608976 16200
50 0.0002173000000311731 20000
55 0.00023269999996955448 24200
60 0.00024460000008730276 28800
80 0.00030319999996208935 51200
100 0.0003455999999459891 80000
130 0.0004728999999770167 135200
160 0.0005452000000332191 204800
200 0.0007353000000875909 320000
250 0.0009978999999020743 500000
350 0.0020025000001169246 980000
500 0.004114099999924292 2000000
600 0.004984600000170758 2880000
800 0.010402800000065326 5120000
1000 0.017293599999902654 8000000
2000 0.10214429999996355 32000000
5000 1.397151200000053 200000000
10000 10.15132410000001 800000000

3 0.00013430000012704113 72
5 0.00011270000004515168 200
10 0.00011229999995521212 800
12 0.00011399999993955134 1152
16 0.0001251999999567488 2048
20 0.0001423999999587977 3200
30 0.00019199999996999395 7200
40 0.0001835000000482978 12800
45 0.00020410000001902517 16200
50 0.000215099999877566 20000
55 0.00023310000005949405 24200
60 0.0002457999999023741 28800
80 0.0003165000000535656 51200
100 0.0003688999997848441 80000
130 0.0005097000000660046 135200
160 0.000605299999961062 204800
200 0.0007986000000528293 320000
250 0.001089900000124544 500000
350 0.0015845000000354048 980000
500 0.0032518999998956133 2000000
600 0.005109799999900133 2880000
800 0.010019199999987904 5120000
1000 0.017562900000029913 8000000
2000 0.1328177999998843 32000000
5000 1.3846707000000151 200000000
10000 10.306904000000031 800000000

3 0.00013999999987390765 72
5 0.00011670000003505265 200
10 0.00011410000001887965 800
12 0.00011849999987134652 1152
16 0.00013160000003153982 2048
20 0.0001453999998375366 3200
30 0.0001676999997926032 7200
40 0.00021440000000438886 12800
45 0.0002114999999776046 16200
50 0.00021489999994628306 20000
55 0.0002363999999488442 24200
60 0.0001575000001139415 28800
80 0.00022789999979977438 51200
100 0.00031480000006922637 80000
130 0.0006529999998292624 135200
160 0.0006301000000803469 204800
200 0.0005928000000494649 320000
250 0.0009244999998827552 500000
350 0.0017937999998594023 980000
500 0.003651399999853311 2000000
600 0.0054282000000966946 2880000
800 0.0115650000000187 5120000
1000 0.021782300000040777 8000000
2000 0.1806303000000753 32000000
5000 1.6302927000001546 200000000
10000 10.998173499999893 800000000

